text,id,aspects_polarities,annotator,all_categories,all_categories_old,all_polarities,data_origin,text_cleaned
"Personal amabil, instruit. Preturi ok chiar daca variatia produselor nu e mare. Atmosfera generala buna.",439157,"{'choices': ['environment - positive', 'price - positive', 'shop diversity - negative', 'staff competency - positive']}",22,environment; price; shop diversity; staff competency,environment; price; shop diversity; staff competency,Positive; Positive; Negative; Positive,manual,"Personal amabil, instruit. Preturi ok chiar daca variatia produselor nu e mare. Atmosfera generala buna."
"Aparent, exista produse pe stoc 0, dar care pot fi aduse pe comanda. Dar nu pentru toata lumea. Este vorba de LIVING CU UȘI CAMPING ARPENAZ 3X3 10 PERSOANE UPF50+FRESH ALB QUECHUAcu codul 8353348. Va multumim pentru """"amabilitatea"""" personalului, cu bonus pentru stilul exceptional cu care trantesc telefonul in nas. De fapt, asta inseamna cu adevarat programul de fidelizare.Felicitari!",438379,staff competency - negative,22,staff competency,staff competency,Negative,manual,"Aparent, exista produse pe stoc 0, dar care pot fi aduse pe comanda. Dar nu pentru toata lumea. Este vorba de LIVING CU UȘI CAMPING ARPENAZ 3X3 10 PERSOANE UPF50+FRESH ALB QUECHUAcu codul 8353348. Va multumim pentru """"amabilitatea"""" personalului, cu bonus pentru stilul exceptional cu care trantesc telefonul in nas. De fapt, asta inseamna cu adevarat programul de fidelizare.Felicitari!"
In cadrul raionului de incaltaminte pentru alergare nu erau disponibile modele de incaltaminte trail pentru femei.,439321,shop diversity - negative,22,shop diversity,shop diversity,Negative,manual,In cadrul raionului de incaltaminte pentru alergare nu erau disponibile modele de incaltaminte trail pentru femei.
"Magazinul in general este bine organizat, dar este mai tot timpul un haos creat/ indus de cei care """"testeaza"""" produsele (biciclete, role, mingi care zboara ...) haotic  prin magazin",439004,"{'choices': ['environment - negative', 'shop organization - positive']}",22,environment; shop organization,environment; shop organization,Negative; Positive,manual,"Magazinul in general este bine organizat, dar este mai tot timpul un haos creat/ indus de cei care """"testeaza"""" produsele (biciclete, role, mingi care zboara ...) haotic prin magazin"
Nu este normal ca o camera de supraveghere sa fie pozitionata deasupra cabinelor de proba...sigur exista alta  metoda ca personalul de securitate sa fie ''vigilent''...deci nu consider  normal ca sotia mea sa fie spionata in cabina de proba...evident ...nici alte persoane . Era un domn [angajat ] care tot aranja cabinele goale iar cand i-am spus prb mea a inceput sa zambeasca si a plecat ..fara sa spuna nimic. Macar sa se puna niste capace  la cabinele de proba...sau ...mutate cabinele ....sau camerele. Multumesc.,438569,"{'choices': ['security - negative', 'staff competency - negative']}",22,security; staff competency,security; staff competency,Negative; Negative,manual,Nu este normal ca o camera de supraveghere sa fie pozitionata deasupra cabinelor de proba...sigur exista alta metoda ca personalul de securitate sa fie ''vigilent''...deci nu consider normal ca sotia mea sa fie spionata in cabina de proba...evident ...nici alte persoane . Era un domn [angajat ] care tot aranja cabinele goale iar cand i-am spus prb mea a inceput sa zambeasca si a plecat ..fara sa spuna nimic. Macar sa se puna niste capace la cabinele de proba...sau ...mutate cabinele ....sau camerele. Multumesc.
"Am rămas profund dezamagita de calitatea serviciului online, deoarece am făcut o cerere de retur, in momentul finalizării cererii am fost anunțată ca voi fi contacta de un agent al dvs. NU S-A ÎNTÂMPLAT ACEST LUCRU, am sunat de 2 ori, am spus ce problema am și tot de doua ori am fost anunțată ca voi fi sunată pt a mi se confirma cererea de schimbare a produsul cu o alta mărime, iar ambii agenți au spus ca ma vor suna in ziua respectiva ( Menționez ca am sunat in 3 zile consecutive), din nou, nu am fost sunată, ca in a 3 zi sa răspundă o colega și sa ma anunțe ca nu mai este mărimea respectiva pe stoc și daca doresc alta mărime. Cu siguranța nu voi mai apela la serviciile Dvs. Sfătuiesc departamentul de HR, sa-și aleagă cu o mai mare atenție angajații!",439146,"{'choices': ['service - negative', 'staff competency - negative']}",22,service; staff competency,service; staff competency,Negative; Negative,manual,"Am rămas profund dezamagita de calitatea serviciului online, deoarece am făcut o cerere de retur, in momentul finalizării cererii am fost anunțată ca voi fi contacta de un agent al dvs. NU S-A ÎNTÂMPLAT ACEST LUCRU, am sunat de 2 ori, am spus ce problema am și tot de doua ori am fost anunțată ca voi fi sunată pt a mi se confirma cererea de schimbare a produsul cu o alta mărime, iar ambii agenți au spus ca ma vor suna in ziua respectiva ( Menționez ca am sunat in 3 zile consecutive), din nou, nu am fost sunată, ca in a 3 zi sa răspundă o colega și sa ma anunțe ca nu mai este mărimea respectiva pe stoc și daca doresc alta mărime. Cu siguranța nu voi mai apela la serviciile Dvs. Sfătuiesc departamentul de HR, sa-și aleagă cu o mai mare atenție angajații!"
Sunt foarte mulțumită de produsul achiziționat. Raportul calitate-preț este foarte bun.,439229,"{'choices': ['product - positive', 'quality - positive', 'price - positive']}",22,product; quality; price,product; quality; price,Positive; Positive; Positive,manual,Sunt foarte mulțumită de produsul achiziționat. Raportul calitate-preț este foarte bun.
"Magazinul e un dezastru TOTAL. Pe langa problema traditionala deja ca nu este marfa, s-a mai si schimbat arajarea sa nu gasesti nimis astfel incat acum dezastrul e complet",438538,"{'choices': ['shop diversity - negative', 'shop organization - negative']}",22,shop diversity; shop organization,shop diversity; shop organization,Negative; Negative,manual,"Magazinul e un dezastru TOTAL. Pe langa problema traditionala deja ca nu este marfa, s-a mai si schimbat arajarea sa nu gasesti nimis astfel incat acum dezastrul e complet"
Am cumpărat adidași newfeel in speranță ca ma vor ajuta dar spre surprinderea mea n-a fost așa.,438406,product - negative,22,product,product,Negative,manual,Am cumpărat adidași newfeel in speranță ca ma vor ajuta dar spre surprinderea mea n-a fost așa.
As vrea sa ajungă și tricourile puma de bărbați (cele la 34.99 cred )la magazinul din bacau,439312,shop diversity - negative,22,shop diversity,shop diversity,Negative,manual,As vrea sa ajungă și tricourile puma de bărbați (cele la 34.99 cred )la magazinul din bacau
"Un magazin interesant, cu multe produse, dar anumite articole sunt descompletate. Poate o reducere de pret negociata pentru astfel de articole ar fi benefic pentru toata lumea. Cu siguranta voi reveni chiar daca locuiesc in partea opusa a orasului.",438894,"{'choices': ['shop diversity - positive', 'shop organization - negative']}",22,shop diversity; shop organization,shop diversity; shop organization,Positive; Negative,manual,"Un magazin interesant, cu multe produse, dar anumite articole sunt descompletate. Poate o reducere de pret negociata pentru astfel de articole ar fi benefic pentru toata lumea. Cu siguranta voi reveni chiar daca locuiesc in partea opusa a orasului."
"Am folosit dibluri de 2 ori mai lungi fata de diblurile furnizate de ei, am pus 25kg, nu 30kg si mi-au cazut bicicletele din perete, am stricat perete + biciclete. Mentionez ca a fost montat in beton, nu rigips, bca etc.",438366,product - negative,22,product,product,Negative,manual,"Am folosit dibluri de 2 ori mai lungi fata de diblurile furnizate de ei, am pus 25kg, nu 30kg si mi-au cazut bicicletele din perete, am stricat perete + biciclete. Mentionez ca a fost montat in beton, nu rigips, bca etc."
"Am folosit şi la ghete şi la costum de schi şi e foarte eficient . Toate rămân uscate , nu se înbibă cu apă .",439274,product - positive,22,product,product,Positive,manual,"Am folosit și la ghete și la costum de schi și e foarte eficient . Toate rămân uscate , nu se înbibă cu apă ."
Magazinul avea rafturile goale!! 0 marfa! Am vizitat mag 2 zile la rand si atmosfera era aceeasi!,439143,shop diversity - negative,22,shop diversity,shop diversity,Negative,manual,Magazinul avea rafturile goale!! 0 marfa! Am vizitat mag 2 zile la rand si atmosfera era aceeasi!
"Am cautat o componenta pentru o bicicleta plianta cumparata tot de la Decathlon. Am cautat la doua magazine Decathlon din Bucuresti. La unul dintre aceste magazine, baietii au fost foarte bine intentionati, isteti si mi-au comndat piesa. La celalalt magazin, au fost mai putin descurcareti.",438891,"{'choices': ['staff competency - positive', 'staff competency - negative']}",22,staff competency; staff competency,staff competency,Positive; Negative,manual,"Am cautat o componenta pentru o bicicleta plianta cumparata tot de la Decathlon. Am cautat la doua magazine Decathlon din Bucuresti. La unul dintre aceste magazine, baietii au fost foarte bine intentionati, isteti si mi-au comndat piesa. La celalalt magazin, au fost mai putin descurcareti."
Aglomerat si nu mai erau chiar toate produsele unde le era locul.,438813,"{'choices': ['environment - negative', 'shop organization - negative']}",22,environment; shop organization,environment; shop organization,Negative; Negative,manual,Aglomerat si nu mai erau chiar toate produsele unde le era locul.
In general e OK.Mi-ar place sa vad si alte branduri in afara de cele proprii.,438784,shop diversity - negative,22,shop diversity,shop diversity,Negative,manual,In general e OK.Mi-ar place sa vad si alte branduri in afara de cele proprii.
"Garanția pt trotinetele Oxelo este de 2 ani, dar de fapt nu intră toate componentele. S-a rupt ghidonul la o săritură la rampe, dar personalul a spus ca dacă vrea freestyle, să-și ia o trotinetă scumpă, dar de fapt modelul 3.6 este pentru așa ceva.",438322,"{'choices': ['product - negative', 'quality - negative', 'return warranty - negative', 'staff competency - negative']}",22,product; quality; return warranty; staff competency,product; quality; return warranty; staff competency,Negative; Negative; Negative; Negative,manual,"Garanția pt trotinetele Oxelo este de 2 ani, dar de fapt nu intră toate componentele. S-a rupt ghidonul la o săritură la rampe, dar personalul a spus ca dacă vrea freestyle, să-și ia o trotinetă scumpă, dar de fapt modelul 3.6 este pentru așa ceva."
"In plin sezon estival, lipsesc produsele pentru scufundari. Ex. Tub de snorkeling este un singur model, si acela low entry. In anul 2015 a fost o gama mult mai variata de produse.",438551,shop diversity - negative,22,shop diversity,shop diversity,Negative,manual,"In plin sezon estival, lipsesc produsele pentru scufundari. Ex. Tub de snorkeling este un singur model, si acela low entry. In anul 2015 a fost o gama mult mai variata de produse."
"Dupa 3 vizite in magazinul dumneavoastra am reusit sa gasesc doua perechi de adidasi marimea dorita (desi de cand ma stiu port 42, marimea adidasilor cumparati este 40 - ultimele doua perechi gasite -, dar mi-as fi dorit macar un 41 - nici o pereche prezenta in cele 3 vizite efectuate).",439089,shop diversity - negative,22,shop diversity,shop diversity,Negative,manual,"Dupa 3 vizite in magazinul dumneavoastra am reusit sa gasesc doua perechi de adidasi marimea dorita (desi de cand ma stiu port 42, marimea adidasilor cumparati este 40 - ultimele doua perechi gasite -, dar mi-as fi dorit macar un 41 - nici o pereche prezenta in cele 3 vizite efectuate)."
Nimic din ce ma interesa nu am gasit. De ce nu le scoateti de pe site. Magazinul este organizat foarte prost.,438387,"{'choices': ['shop diversity - negative', 'shop organization - negative']}",22,shop diversity; shop organization,shop diversity; shop organization,Negative; Negative,manual,Nimic din ce ma interesa nu am gasit. De ce nu le scoateti de pe site. Magazinul este organizat foarte prost.
Am comandat in 08.01.2018 si inca nu a ajuns comanda si suntem in 23.01.2018.,438391,delivery - negative,22,delivery,delivery,Negative,manual,Am comandat in 08.01.2018 si inca nu a ajuns comanda si suntem in 23.01.2018.
"Mi se pare destul de grea pentru un copil.Robusta, dar grea.Daca ar fi avut cadrul din aluminiu ar fi fost mult mai usoara, dar pretul cred ca ar fi fost foarte mare. Si asa, mi se pare destul de scumpa....",439105,"{'choices': ['price - negative', 'product - negative', 'product - positive']}",22,price; product; product,price; product,Negative; Negative; Positive,manual,"Mi se pare destul de grea pentru un copil.Robusta, dar grea.Daca ar fi avut cadrul din aluminiu ar fi fost mult mai usoara, dar pretul cred ca ar fi fost foarte mare. Si asa, mi se pare destul de scumpa...."
"1.incaltamintea sport asezata in mod haotic, aceleasi produse in mai multe locuri, fara a se justifica acest lucru.2.preturi cam mari pt unele produse care nu au un nume cunoscut. 3.este bine ca aveti agenti de paza, dar care este ratiunea ca acesti agenti sa stea insistent cu ochii pe tine, sa te urmareasca, astfel incat sa te simti intr-un fel, infractor.asta duce la dorinta de a nu te mai intoarce in acest magazin, oamenii vin acolo sa cumpere, nu sa faca alte rele.",438334,"{'choices': ['price - negative', 'security - negative', 'shop organization - negative']}",22,price; security; shop organization,price; security; shop organization,Negative; Negative; Negative,manual,"1.incaltamintea sport asezata in mod haotic, aceleasi produse in mai multe locuri, fara a se justifica acest lucru.2.preturi cam mari pt unele produse care nu au un nume cunoscut. 3.este bine ca aveti agenti de paza, dar care este ratiunea ca acesti agenti sa stea insistent cu ochii pe tine, sa te urmareasca, astfel incat sa te simti intr-un fel, infractor.asta duce la dorinta de a nu te mai intoarce in acest magazin, oamenii vin acolo sa cumpere, nu sa faca alte rele."
Fata de la receptie pe data de 3-06-2016 a fost nepoliticoasa si sa nu mai zic ca avea un chef de munca de m-a facut sa las toate produsele jos si sa renunt la cumparaturi in acea zi. RECOMANDAREA MEA AR FI PENTRU ACEASTA DOMNISOARA CAREIA NU I-AM RETINUT NUMELE SA REALIZEZE CAND ESTE LA MUNCA SI PENTRU CE ESTE LA MUNCA.,438498,staff competency - negative,22,staff competency,staff competency,Negative,manual,Fata de la receptie pe data de 3-06-2016 a fost nepoliticoasa si sa nu mai zic ca avea un chef de munca de m-a facut sa las toate produsele jos si sa renunt la cumparaturi in acea zi. RECOMANDAREA MEA AR FI PENTRU ACEASTA DOMNISOARA CAREIA NU I-AM RETINUT NUMELE SA REALIZEZE CAND ESTE LA MUNCA SI PENTRU CE ESTE LA MUNCA.
In ansamblu o opinie buna!!! Dar nu se gasesc produse la tote numerele si exista produse pe care nu le-am gasit intr-un anumit magazin!!!,438800,shop diversity - negative,22,shop diversity,shop diversity,Negative,manual,In ansamblu o opinie buna!!! Dar nu se gasesc produse la tote numerele si exista produse pe care nu le-am gasit intr-un anumit magazin!!!
"Am dorit sa-mi achizitionez o bicicleta RR520 , lucru care l -am si facut , achizitie facuta cu toate accesoriile ptr bicicleta in cauza . Sa dovedit o alegere proasta , bicicleta fiind un fiasco . Dupa ce am asteptat o saptamana dupa un XL pe carel-am rezervat singur , am reusit sa-l cumpar ............ gresit . Cei de la departamentul ciclism au reglat bicicleta cum au putut mai bine si cum s-au priceput , dar s-a dovedit ca bicicleta avea defect de fabricatie . cu bunavointa domnului Ionut ,managerul departamentului ciclism , care a facut tot ce inseamna omeneste posibil sa plec cu bicicleta acasa ,dar fara rezultat , bicicleta dovedind ca nu vrea sa functioneze . In acest context am ramas si fara bicicleta si fara placerea de a face ciclism .Multumesc domnului Ionut ptr amabilitate , profesionalism , si dorinta de a nu ma lasa fara bicicleta , lundu-si singur sarcina de a rezolva cumva situatia . Toata stima ptr un astfel de om , de angajat al dvs . pe care va sugerez sa nu-l pierdeti . Sper cu tarie ca domnul Ionut sa-si respecte promisiunea de a-mi rezolva cu bicicleta , MULTUMINDU-I  INCA O DATA. Cu respect Victor Damian",439342,"{'choices': ['product - negative', 'service - positive', 'quality - negative', 'staff competency - positive']}",22,product; service; quality; staff competency,product; service; quality; staff competency,Negative; Positive; Negative; Positive,manual,"Am dorit sa-mi achizitionez o bicicleta RR520 , lucru care l -am si facut , achizitie facuta cu toate accesoriile ptr bicicleta in cauza . Sa dovedit o alegere proasta , bicicleta fiind un fiasco . Dupa ce am asteptat o saptamana dupa un XL pe carel-am rezervat singur , am reusit sa-l cumpar ............ gresit . Cei de la departamentul ciclism au reglat bicicleta cum au putut mai bine si cum s-au priceput , dar s-a dovedit ca bicicleta avea defect de fabricatie . cu bunavointa domnului Ionut ,managerul departamentului ciclism , care a facut tot ce inseamna omeneste posibil sa plec cu bicicleta acasa ,dar fara rezultat , bicicleta dovedind ca nu vrea sa functioneze . In acest context am ramas si fara bicicleta si fara placerea de a face ciclism .Multumesc domnului Ionut ptr amabilitate , profesionalism , si dorinta de a nu ma lasa fara bicicleta , lundu-si singur sarcina de a rezolva cumva situatia . Toata stima ptr un astfel de om , de angajat al dvs . pe care va sugerez sa nu-l pierdeti . Sper cu tarie ca domnul Ionut sa-si respecte promisiunea de a-mi rezolva cu bicicleta , MULTUMINDU-I INCA O DATA. Cu respect Victor Damian"
"Nu am gasit spray anti-aburire pentru ochelarii de inot, desi Arena are asa ceva in gama de produse.Mi-as fi dorit ca personalul sa stie mai multe despre ochelarii de inot si care sunt potriviti pentru diferite utilizari (ex. Triatlon).",439099,"{'choices': ['shop diversity - negative', 'staff competency - negative']}",22,shop diversity; staff competency,shop diversity; staff competency,Negative; Negative,manual,"Nu am gasit spray anti-aburire pentru ochelarii de inot, desi Arena are asa ceva in gama de produse.Mi-as fi dorit ca personalul sa stie mai multe despre ochelarii de inot si care sunt potriviti pentru diferite utilizari (ex. Triatlon)."
"segmentul ciclism in mare restrangere, nu mai aduceti produse deloc si asteptati sa se epuizeze stocurile, e cam greu de inghitit si tentatia e mare sa te duci in alta parte, in ciuda disponibilitatii personalului de a te ajuta",438702,shop diversity - negative,22,shop diversity,shop diversity,Negative,manual,"segmentul ciclism in mare restrangere, nu mai aduceti produse deloc si asteptati sa se epuizeze stocurile, e cam greu de inghitit si tentatia e mare sa te duci in alta parte, in ciuda disponibilitatii personalului de a te ajuta"
"Am venit decis sa cumpar anumite produse,fara sa pierd timpul si am reusit.",438806,misc - neutral,22,misc,misc,Neutral,manual,"Am venit decis sa cumpar anumite produse,fara sa pierd timpul si am reusit."
Ft bun pt echipamentul de sport si nu numai. Rezistent.,439263,"{'choices': ['product - positive', 'quality - positive']}",22,product; quality,product; quality,Positive; Positive,manual,Ft bun pt echipamentul de sport si nu numai. Rezistent.
Magazin de top dar asta nu inseamna ca nu sunt lucruri de imbunatatit.,438869,misc - neutral,22,misc,misc,Neutral,manual,Magazin de top dar asta nu inseamna ca nu sunt lucruri de imbunatatit.
"Am cautat sa cumpar o geaca. Am gasit pana la urma un produs potrivit insa, mi-ar fi placut sa am mai multe variante, in ceea ce priveste gama de culori",439030,shop diversity - negative,22,shop diversity,shop diversity,Negative,manual,"Am cautat sa cumpar o geaca. Am gasit pana la urma un produs potrivit insa, mi-ar fi placut sa am mai multe variante, in ceea ce priveste gama de culori"
Sa faceti si la Deva magazin ma ofer sa va ajut,438863,misc - neutral,22,misc,misc,Neutral,manual,Sa faceti si la Deva magazin ma ofer sa va ajut
acest magazin dispune de o gama larga de produse de unde poti cumpara pentru toata familia.,438792,shop diversity - positive,22,shop diversity,shop diversity,Positive,manual,acest magazin dispune de o gama larga de produse de unde poti cumpara pentru toata familia.
"In urma cu câteva zile am achiziționat de la dumneavoastră o pereche de pantaloni de plaja , prețul afișat 30,9 lei la casa ... Hop 34 lei. .. Nu m-a așteptam la așa ceva din partea dumneavoastră , am înțeles nu am zis nimic si e ultima data când trec pe acolo.   Cu stima.",438364,shop organization - negative,22,shop organization,shop organization,Negative,manual,"In urma cu câteva zile am achiziționat de la dumneavoastră o pereche de pantaloni de plaja , prețul afișat 30,9 lei la casa ... Hop 34 lei. .. Nu m-a așteptam la așa ceva din partea dumneavoastră , am înțeles nu am zis nimic si e ultima data când trec pe acolo. Cu stima."
Este foarte rigidă. Un sistem de amortizare ar fi binevenit. Nu recomand.,438509,product - negative,22,product,product,Negative,manual,Este foarte rigidă. Un sistem de amortizare ar fi binevenit. Nu recomand.
"produsul achizitionat, o bicicleta b twin, s-a defectat la nici o saptamana de folosire de catre un copil de 9 ani. desi am solicitat la achizitionare si un certificat de garantie, am fost convins de personal ca nu se impune deoarece n-au avut reclamatii la produsele vandute. totodata am constatat ca nu functioneaza anumite instrumente: schimbatorul la coroana nu urca pe ultima treapta, la furca nu functiona nici un reglaj, ba din contra erau de forma, ca un detaliu, bicicleta prezenta multiple zgarieturi. Avand in vedere pretul produsului (1500 lei) ma voi adresa protectiei cumparatorului.",439117,"{'choices': ['price - negative', 'staff competency - negative', 'quality - negative', 'product - negative']}",22,price; staff competency; quality; product,price; staff competency; quality; product,Negative; Negative; Negative; Negative,manual,"produsul achizitionat, o bicicleta b twin, s-a defectat la nici o saptamana de folosire de catre un copil de 9 ani. desi am solicitat la achizitionare si un certificat de garantie, am fost convins de personal ca nu se impune deoarece n-au avut reclamatii la produsele vandute. totodata am constatat ca nu functioneaza anumite instrumente: schimbatorul la coroana nu urca pe ultima treapta, la furca nu functiona nici un reglaj, ba din contra erau de forma, ca un detaliu, bicicleta prezenta multiple zgarieturi. Avand in vedere pretul produsului (1500 lei) ma voi adresa protectiei cumparatorului."
La o parte din sortimentele de incaltaminte nu se gasesc toate numere disponibile in colectie,439002,shop diversity - negative,22,shop diversity,shop diversity,Negative,manual,La o parte din sortimentele de incaltaminte nu se gasesc toate numere disponibile in colectie
Ám cautat hoverboard dar nu era. Unii angajați nici nu stia ce e,438683,"{'choices': ['shop diversity - negative', 'staff competency - negative']}",22,shop diversity; staff competency,shop diversity; staff competency,Negative; Negative,manual,Ám cautat hoverboard dar nu era. Unii angajați nici nu stia ce e
"1.Extrem de multe din produsele afisate pe site-ul dvs nu se regasesc in magazine, in special in magazinul din Th. Pallady. Trebuie sa remediati cumva acest aspect.2. Trebuie sa aveti o casa de marcat cu prioritate pt femeile insarcinate, persoanele ce sunt insotite de bebelusi sau persoane cu handicap.  Eventual sa se respecte acest lucru, nu ca in alte magazine.3. Nu sunt de acord cu faptul ca in magazine sunt acceptate plimbarile cu bicicleta, role, trotinete etc.Mai ales ca persoanele ce fac aceste plimbari nu stiu ce inseamna grija de a nu accidenta alte persoane",438596,"{'choices': ['environment - negative', 'service - negative', 'shop organization - negative']}",22,environment; service; shop organization,environment; service; shop organization,Negative; Negative; Negative,manual,"1.Extrem de multe din produsele afisate pe site-ul dvs nu se regasesc in magazine, in special in magazinul din Th. Pallady. Trebuie sa remediati cumva acest aspect.2. Trebuie sa aveti o casa de marcat cu prioritate pt femeile insarcinate, persoanele ce sunt insotite de bebelusi sau persoane cu handicap. Eventual sa se respecte acest lucru, nu ca in alte magazine.3. Nu sunt de acord cu faptul ca in magazine sunt acceptate plimbarile cu bicicleta, role, trotinete etc.Mai ales ca persoanele ce fac aceste plimbari nu stiu ce inseamna grija de a nu accidenta alte persoane"
"Angajați de pe raioane sint greu de recunoscut din cauză că sint îmbracați care cum apucă,greu am găsit să întreb de prețuri,Angajatul firmei de pază ar putea fi mai discret,cel de la ieșire parcă ar fi la pușcărie ,",438601,"{'choices': ['security - negative', 'staff competency - negative']}",22,security; staff competency,security; staff competency,Negative; Negative,manual,"Angajați de pe raioane sint greu de recunoscut din cauză că sint îmbracați care cum apucă,greu am găsit să întreb de prețuri,Angajatul firmei de pază ar putea fi mai discret,cel de la ieșire parcă ar fi la pușcărie ,"
"Nu mai aruncati marfa probata pe unde nimeriti, oferta e slaba, nu am gasit ceea ce cautam si erau multe masuri foarte mari sau foarte mici, insuficienti angajati.",439384,"{'choices': ['staff availability - negative', 'shop diversity - negative', 'environment - negative']}",22,staff availability; shop diversity; environment,staff availability; shop diversity; environment,Negative; Negative; Negative,manual,"Nu mai aruncati marfa probata pe unde nimeriti, oferta e slaba, nu am gasit ceea ce cautam si erau multe masuri foarte mari sau foarte mici, insuficienti angajati."
Ar trebui sa 3xiste si un stoc on magazie nu doar la raft,439203,service - negative,22,service,service,Negative,manual,Ar trebui sa 3xiste si un stoc on magazie nu doar la raft
Nu a fost nevoie de prezenta personalului magazinului dar am remarcat prezenta personalului pe raioane. Am fost multumit de produsele pe care le-am cumparat atat din punctul de vedere al calitatii cat si al preturilor.,438978,"{'choices': ['price - positive', 'product - positive', 'quality - positive', 'staff availability - positive']}",22,price; product; quality; staff availability,price; product; quality; staff availability,Positive; Positive; Positive; Positive,manual,Nu a fost nevoie de prezenta personalului magazinului dar am remarcat prezenta personalului pe raioane. Am fost multumit de produsele pe care le-am cumparat atat din punctul de vedere al calitatii cat si al preturilor.
"Aveam un voucher dispinibil, si nu mergea folosit datorita unei erori, si mi s-a spus ca desi ar fi expirat curand, sa nu-mi fac griji pt ca il voi putea folosi dupa ce vor primi raspuns de la Bucuresti",439040,"{'choices': ['service - negative', 'staff competency - positive']}",22,service; staff competency,service; staff competency,Negative; Positive,manual,"Aveam un voucher dispinibil, si nu mergea folosit datorita unei erori, si mi s-a spus ca desi ar fi expirat curand, sa nu-mi fac griji pt ca il voi putea folosi dupa ce vor primi raspuns de la Bucuresti"
"Serviciul oferit a fost în regula, faptul ca am așteptat aproape o săptămână nu a fost în regula, s-a depășit termenul specificat inițial cu 3 zile.",438836,"{'choices': ['service - positive', 'service - negative']}",22,service; service,service,Positive; Negative,manual,"Serviciul oferit a fost în regula, faptul ca am așteptat aproape o săptămână nu a fost în regula, s-a depășit termenul specificat inițial cu 3 zile."
Un magazin ok Dar mai trebuie putin lucrat la produse si preturi,439350,"{'choices': ['price - negative', 'product - negative']}",22,price; product,price; product,Negative; Negative,manual,Un magazin ok Dar mai trebuie putin lucrat la produse si preturi
Aveti nevoie de personal calificat pt biciclete la magazinul din Timisoara. Franele de pe spate de la bicieta au fost reglate de 2 ori si tot nu s.a rezolvat problema,438374,"{'choices': ['service - negative', 'staff competency - negative']}",22,service; staff competency,service; staff competency,Negative; Negative,manual,Aveti nevoie de personal calificat pt biciclete la magazinul din Timisoara. Franele de pe spate de la bicieta au fost reglate de 2 ori si tot nu s.a rezolvat problema
"imi plac articolele de  pescuit, baschet ,camping si hainele pe tipuri de activitati",438782,product - positive,22,product,product,Positive,manual,"imi plac articolele de pescuit, baschet ,camping si hainele pe tipuri de activitati"
Am vrut sa-mi fac card si nu functiona aparatul. Personalul foarte indiferent!,438496,"{'choices': ['service - negative', 'staff competency - negative']}",22,service; staff competency,service; staff competency,Negative; Negative,manual,Am vrut sa-mi fac card si nu functiona aparatul. Personalul foarte indiferent!
Un produs lejer de purtat la activitati sportive.Nu am gasit varietate de culori pentru acest produs.,438803,"{'choices': ['product - positive', 'shop diversity - negative']}",22,product; shop diversity,product; shop diversity,Positive; Negative,manual,Un produs lejer de purtat la activitati sportive.Nu am gasit varietate de culori pentru acest produs.
"Am fost cu copilul si e periculos sa-l lasi jos ca vin cei mai mari si il pot accidenta, merg cu biciclete trotinete si alte chestii chiar printre rafturi.",438725,environment - negative,22,environment,environment,Negative,manual,"Am fost cu copilul si e periculos sa-l lasi jos ca vin cei mai mari si il pot accidenta, merg cu biciclete trotinete si alte chestii chiar printre rafturi."
"sunt ok pentru o utilizare normala in oras, nu cred ca ar face fata la munte",439328,"{'choices': ['product - positive', 'product - negative']}",22,product; product,product,Positive; Negative,manual,"sunt ok pentru o utilizare normala in oras, nu cred ca ar face fata la munte"
"Nu am fost multumit de produs si am facut retur numai ca surpriza a fost ca am platit eu curierul. Dezamăgit total, nu voi mai comanda de pe site, doar din magazin.",438329,"{'choices': ['product - negative', 'return warranty - negative']}",22,product; return warranty,product; return warranty,Negative; Negative,manual,"Nu am fost multumit de produs si am facut retur numai ca surpriza a fost ca am platit eu curierul. Dezamăgit total, nu voi mai comanda de pe site, doar din magazin."
"Varietatea produselor pentru fiecare sezon. Angajati foarte prompti si amabili. De fiecare data cand am nevoie de un articol sportiv , vin direct la Dechatlon.",438973,"{'choices': ['shop diversity - positive', 'staff competency - positive']}",22,shop diversity; staff competency,shop diversity; staff competency,Positive; Positive,manual,"Varietatea produselor pentru fiecare sezon. Angajati foarte prompti si amabili. De fiecare data cand am nevoie de un articol sportiv , vin direct la Dechatlon."
"avand in vedere ca au trecut 4 ani de cand le-am achizitionat... sunt in stare foarte buna, nu s-au dezlipit si inca le am in continuare, recomand",439215,"{'choices': ['product - positive', 'quality - positive']}",22,product; quality,product; quality,Positive; Positive,manual,"avand in vedere ca au trecut 4 ani de cand le-am achizitionat... sunt in stare foarte buna, nu s-au dezlipit si inca le am in continuare, recomand"
"Am depus o reclamatie cu nr1 inregistrata  in aceasta luna , februarie 2016. Cu privire la faptul ca am asteptat 30 minute pentru un cod la un articol. Nici-o persoana nu a fost capabila sa-mi rezolve problema, .Nici angajatii si nici seful de zi nu cunoaste marfa prezenta in magazin.Prefer sa merg in alte magazine sportive decat sa mai vin la Decatlon.Va rog scolarizati personalul( sugestie)",438348,"{'choices': ['service - negative', 'staff competency - negative']}",22,service; staff competency,service; staff competency,Negative; Negative,manual,"Am depus o reclamatie cu nr1 inregistrata in aceasta luna , februarie 2016. Cu privire la faptul ca am asteptat 30 minute pentru un cod la un articol. Nici-o persoana nu a fost capabila sa-mi rezolve problema, .Nici angajatii si nici seful de zi nu cunoaste marfa prezenta in magazin.Prefer sa merg in alte magazine sportive decat sa mai vin la Decatlon.Va rog scolarizati personalul( sugestie)"
"Varietate scazuta a produselor de drumetie, alpinism, ski, plus diferenta mare intre ce apare pe site si ce se gaseste in magazin. Stocurile nu sunt refacute pentru produse, care, la inceput de sezon se gaseau, si, intre timp s-au vandut, desi sezonul nu a trecut.",438876,"{'choices': ['shop diversity - negative', 'shop organization - negative']}",22,shop diversity; shop organization,shop diversity; shop organization,Negative; Negative,manual,"Varietate scazuta a produselor de drumetie, alpinism, ski, plus diferenta mare intre ce apare pe site si ce se gaseste in magazin. Stocurile nu sunt refacute pentru produse, care, la inceput de sezon se gaseau, si, intre timp s-au vandut, desi sezonul nu a trecut."
"Sa aduceti marci consacrate brooks,mizumo,saucony. Produse high end. Reduceri mai mari la produsele care nu sunt de sezon.",438564,"{'choices': ['promotions - negative', 'shop diversity - negative']}",22,promotions; shop diversity,promotions; shop diversity,Negative; Negative,manual,"Sa aduceti marci consacrate brooks,mizumo,saucony. Produse high end. Reduceri mai mari la produsele care nu sunt de sezon."
Nu era nici un angajat la raionul cu biciclete timp de 15 minute .,438666,staff availability - negative,22,staff availability,staff availability,Negative,manual,Nu era nici un angajat la raionul cu biciclete timp de 15 minute .
"Haos total in week-end. In loc sa faci cumparaturi trebuie sa te feresti de copii rasfatati si prost crescuti care se plimba prin magazin cu biciclete, role, etc. Cred ca politica de evaluare a produselor de catre clienti este prea permisiva si ingreuneaza accesul cumparatorilor reali. Mentionez ca am copil de 2 ani si sotie gravida si ne-a fost aproape imposibil sa facem cumparaturi in acest imens loc de joaca asa ca am renuntat dupa 20 de minute, plecand doar cu cateva maruntisuri.",439333,environment - negative,22,environment,environment,Negative,manual,"Haos total in week-end. In loc sa faci cumparaturi trebuie sa te feresti de copii rasfatati si prost crescuti care se plimba prin magazin cu biciclete, role, etc. Cred ca politica de evaluare a produselor de catre clienti este prea permisiva si ingreuneaza accesul cumparatorilor reali. Mentionez ca am copil de 2 ani si sotie gravida si ne-a fost aproape imposibil sa facem cumparaturi in acest imens loc de joaca asa ca am renuntat dupa 20 de minute, plecand doar cu cateva maruntisuri."
"Am venit intr-o seara si nu am gasit skateboardele cautate (locul era gol). S-a rezolvat a doua zi, cand , din intamplare, am decis sa mai intru o data in magazin.",439290,shop organization - negative,22,shop organization,shop organization,Negative,manual,"Am venit intr-o seara si nu am gasit skateboardele cautate (locul era gol). S-a rezolvat a doua zi, cand , din intamplare, am decis sa mai intru o data in magazin."
Sunt foarte multumit de produs. Am cuparat mai multe modeled de camuflaj.,439240,product - positive,22,product,product,Positive,manual,Sunt foarte multumit de produs. Am cuparat mai multe modeled de camuflaj.
"Produsul este ok, partile interioare laterale sunt cam tari si pun presiune pe glezne, dar dupa cateva zile de purtat devin mai comozi",438814,"{'choices': ['product - positive', 'product - negative']}",22,product; product,product,Positive; Negative,manual,"Produsul este ok, partile interioare laterale sunt cam tari si pun presiune pe glezne, dar dupa cateva zile de purtat devin mai comozi"
Să aveți grijă ca toate prețurile să fie afișate deoarece pot fi produse foarte similare unele lângă altele dar prețul să fie de 2 ori mai mic sau mai mare. Am avut noroc de amabilitatea unei angajate care s-a oferit să citească prețul produsului înainte,438727,"{'choices': ['shop organization - negative', 'staff competency - positive']}",22,shop organization; staff competency,shop organization; staff competency,Negative; Positive,manual,Să aveți grijă ca toate prețurile să fie afișate deoarece pot fi produse foarte similare unele lângă altele dar prețul să fie de 2 ori mai mic sau mai mare. Am avut noroc de amabilitatea unei angajate care s-a oferit să citească prețul produsului înainte
"este ok ca finite si caldura, dar din pacate baiatul meu rupe in genuchi toti panatalonii, speram sa fie mai rezistent acest material.",438706,"{'choices': ['product - positive', 'product - negative', 'quality - negative']}",22,product; product; quality,product; quality,Positive; Negative; Negative,manual,"este ok ca finite si caldura, dar din pacate baiatul meu rupe in genuchi toti panatalonii, speram sa fie mai rezistent acest material."
De multe ori nu gasim marimile potrivite disponibile la incaltaminte mai ales.,439308,shop diversity - negative,22,shop diversity,shop diversity,Negative,manual,De multe ori nu gasim marimile potrivite disponibile la incaltaminte mai ales.
Sunt foarte suparata mia taxat un hanorac roz de doua ori adica am platit 30 lei in plus !am verificat acasa dar de pomana.,438488,staff competency - negative,22,staff competency,staff competency,Negative,manual,Sunt foarte suparata mia taxat un hanorac roz de doua ori adica am platit 30 lei in plus !am verificat acasa dar de pomana.
La momentul vizitei in magazin erau mai mult produse fara pret afisat.,438703,shop organization - negative,22,shop organization,shop organization,Negative,manual,La momentul vizitei in magazin erau mai mult produse fara pret afisat.
"Chestionarul acesta mi se pare in regula, incercati sa remediati deficientele aparute.",439085,misc - neutral,22,misc,misc,Neutral,manual,"Chestionarul acesta mi se pare in regula, incercati sa remediati deficientele aparute."
"Rucsac potrivit pentru transportul echipamentului sportiv, pentru scurte drumetii. Rucsacul este usor si confortabil. Recomand cu placera acest produs.",438835,product - positive,22,product,product,Positive,manual,"Rucsac potrivit pentru transportul echipamentului sportiv, pentru scurte drumetii. Rucsacul este usor si confortabil. Recomand cu placera acest produs."
Speram ca in perioada aceasta sa bagati cateva oferte si la articolele de alergare/fitness... dar ati compensat prin ofertele de iarna :),438820,"{'choices': ['promotions - positive', 'promotions - negative']}",22,promotions; promotions,promotions,Positive; Negative,manual,Speram ca in perioada aceasta sa bagati cateva oferte si la articolele de alergare/fitness... dar ati compensat prin ofertele de iarna :)
"Este un magazin cu adevarat placut. Personalul este foarte amabil, copii se simt foarte bine in agazin mai ales pentru faptul ca pot proba aproape orice articol de sport, se pot juca cu diversele articole din spatiul de joaca, iar noi parintii suntem indemnati sa si cumparam datorita acestor beneficii. Ca si calitate a produselor in comparatie cu pretul no comment. Jos palaria. Pacat ca nu aveti un magazin si in craiovita noua. Noi trebuie sa strabatem toata craiova sa ajungem la voi. Si din cauza distantei de multe ori alegem sa cumparam produse mai proaste de la alte magazine si de multe ori mult mai scumpe.",439050,"{'choices': ['environment - positive', 'price - positive', 'quality - positive', 'staff competency - positive']}",22,environment; price; quality; staff competency,environment; price; quality; staff competency,Positive; Positive; Positive; Positive,manual,"Este un magazin cu adevarat placut. Personalul este foarte amabil, copii se simt foarte bine in agazin mai ales pentru faptul ca pot proba aproape orice articol de sport, se pot juca cu diversele articole din spatiul de joaca, iar noi parintii suntem indemnati sa si cumparam datorita acestor beneficii. Ca si calitate a produselor in comparatie cu pretul no comment. Jos palaria. Pacat ca nu aveti un magazin si in craiovita noua. Noi trebuie sa strabatem toata craiova sa ajungem la voi. Si din cauza distantei de multe ori alegem sa cumparam produse mai proaste de la alte magazine si de multe ori mult mai scumpe."
"rezervarea făcută pe site și pe care am fost invitat să o ridic din magazin nu exista pe stoc. angajații nu au habar ce produse au în stoc. la raft nu existau  etichete cu prețuri și specificații la produsele pe care le căutam (cotanți alergare). am achiziționat mai multe produse, printre care o pereche de mănuși-ciclism legate împreună dar amândouă pentru mâna dreaptă. comanda pe care trebuia să o ridic, am fost asigurat că va veni peste (alte) două zile. dezamăgitor.",438309,"{'choices': ['service - negative', 'shop organization - negative', 'staff competency - negative']}",22,service; shop organization; staff competency,service; shop organization; staff competency,Negative; Negative; Negative,manual,"rezervarea făcută pe site și pe care am fost invitat să o ridic din magazin nu exista pe stoc. angajații nu au habar ce produse au în stoc. la raft nu existau etichete cu prețuri și specificații la produsele pe care le căutam (cotanți alergare). am achiziționat mai multe produse, printre care o pereche de mănuși-ciclism legate împreună dar amândouă pentru mâna dreaptă. comanda pe care trebuia să o ridic, am fost asigurat că va veni peste (alte) două zile. dezamăgitor."
"Bun, dar uneori mai intra apa prin laterale, sau se abureste interiorul",438856,"{'choices': ['product - positive', 'product - negative']}",22,product; product,product,Positive; Negative,manual,"Bun, dar uneori mai intra apa prin laterale, sau se abureste interiorul"
Se poate si mai bine si mai bun la aceleasi preturi,438865,"{'choices': ['product - negative', 'quality - negative']}",22,product; quality,product; quality,Negative; Negative,manual,Se poate si mai bine si mai bun la aceleasi preturi
"Pt piticii cei mai pitici care abia incep sa stea pe bicicleta sau trotineta e amuzant, cateodata mai amuzant ca bicicleta. Atentie, e si un mijloc de distractie de la tinutul mainii pe ghidon.",439032,product - positive,22,product,product,Positive,manual,"Pt piticii cei mai pitici care abia incep sa stea pe bicicleta sau trotineta e amuzant, cateodata mai amuzant ca bicicleta. Atentie, e si un mijloc de distractie de la tinutul mainii pe ghidon."
"multi copii care testau biciclete, trotinete si skateboarduri in mare viteza pe toate culoarele, in loc sa ma plimb cu ochii la rafturi trebuia sa fiu atenta sa nu se izbeasca in mine vreunul... desi se zice in megafon sa se circule doar pe aleea principala, niciun angajat nu le  atragea atentia",439256,"{'choices': ['environment - negative', 'staff competency - negative']}",22,environment; staff competency,environment; staff competency,Negative; Negative,manual,"multi copii care testau biciclete, trotinete si skateboarduri in mare viteza pe toate culoarele, in loc sa ma plimb cu ochii la rafturi trebuia sa fiu atenta sa nu se izbeasca in mine vreunul... desi se zice in megafon sa se circule doar pe aleea principala, niciun angajat nu le atragea atentia"
A devenit loc de joaca si nu de cumparaturi. Copii fac activitati si nu gasesti un model de trotineta de ex.,438811,environment - negative,22,environment,environment,Negative,manual,A devenit loc de joaca si nu de cumparaturi. Copii fac activitati si nu gasesti un model de trotineta de ex.
"Unele produse lipsesc de pe raft (erau doar etichetele acestor produse)Multe produse expuse nu au etichetele cu preturi (nu gaseti pretul - se intampla frecvent)Lucrari interioare efectuate in prezenta clientilor (polizare structuri metalice, montaj rafturi - praf, miros si zgomot ascutit )Uneori aerul din incapere este ,,clocit,, cu un miros gretos (asta in lipsa unor lucrari interioare.....iar cand sunt lucrari....!!!!!!????)",438649,"{'choices': ['environment - negative', 'shop diversity - negative', 'shop organization - negative']}",22,environment; shop diversity; shop organization,environment; shop diversity; shop organization,Negative; Negative; Negative,manual,"Unele produse lipsesc de pe raft (erau doar etichetele acestor produse)Multe produse expuse nu au etichetele cu preturi (nu gaseti pretul - se intampla frecvent)Lucrari interioare efectuate in prezenta clientilor (polizare structuri metalice, montaj rafturi - praf, miros si zgomot ascutit )Uneori aerul din incapere este ,,clocit,, cu un miros gretos (asta in lipsa unor lucrari interioare.....iar cand sunt lucrari....!!!!!!????)"
s-a schimbat organizarea caselor in Baneasa si am fost un pic confuza de unde sa imi iau comanda.,439282,shop organization - negative,22,shop organization,shop organization,Negative,manual,s-a schimbat organizarea caselor in Baneasa si am fost un pic confuza de unde sa imi iau comanda.
"Avand in vedere pretul ,am fost sceptica la inceput in  privinta calitatii dar sunt foarte multumita .Livrarea a fost foarte rapida.Dau ambelor 5 stele.",439287,"{'choices': ['delivery - positive', 'price - positive', 'quality - positive']}",22,delivery; price; quality,delivery; price; quality,Positive; Positive; Positive,manual,"Avand in vedere pretul ,am fost sceptica la inceput in privinta calitatii dar sunt foarte multumita .Livrarea a fost foarte rapida.Dau ambelor 5 stele."
nu este marfa si nu imi vine comanda si va rog frumos faceti ceva,439086,"{'choices': ['delivery - negative', 'shop diversity - negative']}",22,delivery; shop diversity,delivery; shop diversity,Negative; Negative,manual,nu este marfa si nu imi vine comanda si va rog frumos faceti ceva
Totul este în regulă. Disponibilitatea unor produse este însă de discutat.,439049,shop diversity - negative,22,shop diversity,shop diversity,Negative,manual,Totul este în regulă. Disponibilitatea unor produse este însă de discutat.
Recomand pentru cei care vor sa cumpere imbracaminte sport la preturi cat de cat accesibile!,439155,price - positive,22,price,price,Positive,manual,Recomand pentru cei care vor sa cumpere imbracaminte sport la preturi cat de cat accesibile!
"In zona de echitatie nu exista o gama suficient de variata de produse mai ales pentru copii (baieti) -manusi, sepci, jambiere pantaloni. E  adevarat ca pot comanda dar nu intotdeauna se potrivesc marimile,(pentru baiatul meu de 7,5 ani cumpar echipament pentru categoria de 12 ani) sau nu imi pot forrma o opinie corecta despre produs(lista mea de achizitii demonstreaza acest lucru). Asa incat am fost nevoit sa achizitionez echipament, prin intermediul prietenilor, din alte magazine decathlon din tara sau chiar din afara tarii.",438791,shop diversity - negative,22,shop diversity,shop diversity,Negative,manual,"In zona de echitatie nu exista o gama suficient de variata de produse mai ales pentru copii (baieti) -manusi, sepci, jambiere pantaloni. E adevarat ca pot comanda dar nu intotdeauna se potrivesc marimile,(pentru baiatul meu de 7,5 ani cumpar echipament pentru categoria de 12 ani) sau nu imi pot forrma o opinie corecta despre produs(lista mea de achizitii demonstreaza acest lucru). Asa incat am fost nevoit sa achizitionez echipament, prin intermediul prietenilor, din alte magazine decathlon din tara sau chiar din afara tarii."
"Am cumparat o bicicleta la 2500 de lei, a carui cauciuc din spate se desumfla o data la 2 zile.",438486,"{'choices': ['product - negative', 'quality - negative']}",22,product; quality,product; quality,Negative; Negative,manual,"Am cumparat o bicicleta la 2500 de lei, a carui cauciuc din spate se desumfla o data la 2 zile."
E f bun magazinul pentru copii. Articolele sportive pentru ei sunt destul de variate si de caitate. In plus nu se plictisesc in timp ce probeaza. se pot juca cu diverse obiecte din magazin.,438764,"{'choices': ['environment - positive', 'quality - positive', 'shop diversity - positive']}",22,environment; quality; shop diversity,environment; quality; shop diversity,Positive; Positive; Positive,manual,E f bun magazinul pentru copii. Articolele sportive pentru ei sunt destul de variate si de caitate. In plus nu se plictisesc in timp ce probeaza. se pot juca cu diverse obiecte din magazin.
"Venisem sa cumpărăm articole in valoare de 2200 ron pentru o casa de copii, articole de iarna pentru copii. Cerusem un discount minor, sau orice contributie pentru casa de copii respectiva, o minge sau orice articol era bine venit, insa am fost refuzați, categoric. Lucrez la o companie cu peste 1000 de angajati si am oferit la schimb reclama internă gratuită prin newsletter cand vom anunta donațiile către casa de copii. Nu am fost prea fericit de aceasta decizie de a nu acorda absolut nimic.",438606,staff competency - negative,22,staff competency,staff competency,Negative,manual,"Venisem sa cumpărăm articole in valoare de 2200 ron pentru o casa de copii, articole de iarna pentru copii. Cerusem un discount minor, sau orice contributie pentru casa de copii respectiva, o minge sau orice articol era bine venit, insa am fost refuzați, categoric. Lucrez la o companie cu peste 1000 de angajati si am oferit la schimb reclama internă gratuită prin newsletter cand vom anunta donațiile către casa de copii. Nu am fost prea fericit de aceasta decizie de a nu acorda absolut nimic."
Diferențe intre produselecție din oferta on-line și produsele din magazin.,439214,service - negative,22,service,service,Negative,manual,Diferențe intre produselecție din oferta on-line și produsele din magazin.
"Indubitabil unul dintre costumele de seama de pe piata. Imi aduc aminte faceam scufundari in noiembrie folosind acest costum impreuna cu un alt amic ce folosea un costum de 5mm captusit pe interior. Evident apa avea sub 10 grade si amicul meu tremura de frig...  datorita faptului ca fizicul meu se afla intre talii, h 1.75/ greutate 73kg, marimea *M* ma cam strange un pic asta doar in apnee, in diving totul este perfect.",439262,product - positive,22,product,product,Positive,manual,"Indubitabil unul dintre costumele de seama de pe piata. Imi aduc aminte faceam scufundari in noiembrie folosind acest costum impreuna cu un alt amic ce folosea un costum de 5mm captusit pe interior. Evident apa avea sub 10 grade si amicul meu tremura de frig... datorita faptului ca fizicul meu se afla intre talii, h 1.75/ greutate 73kg, marimea M ma cam strange un pic asta doar in apnee, in diving totul este perfect."
"Doresc sa fiu informat despre ofertele la produsele cu reducere si zilele si orele, cand acestea sunt programate",438839,misc - neutral,22,misc,misc,Neutral,manual,"Doresc sa fiu informat despre ofertele la produsele cu reducere si zilele si orele, cand acestea sunt programate"
"Predomină culori de negru in special la adidași, nu aveti cunoștință de alb?!!!?sunteti nesimțiți va rog validării nesimtirea",438288,shop diversity - negative,22,shop diversity,shop diversity,Negative,manual,"Predomină culori de negru in special la adidași, nu aveti cunoștință de alb?!!!?sunteti nesimțiți va rog validării nesimtirea"
Numerele la haine cele mari xxxl sa fie mai multe serii. In rest nota 10,438957,shop diversity - negative,22,shop diversity,shop diversity,Negative,manual,Numerele la haine cele mari xxxl sa fie mai multe serii. In rest nota 10
"Numai cuvinte de lauda,case de marcat în anumite segmente orare sunt insuficiente.",438981,service - negative,22,service,service,Negative,manual,"Numai cuvinte de lauda,case de marcat în anumite segmente orare sunt insuficiente."
"Any gut under or equal to 130 mm has serious problems beforehand, starting with the stringig time. If it's so thin, may brake even before stringing, at the prestretch preparation. At 26 - 28 kg, by applying a 15% - 20% stretch on top, one should keep his fingers crossed. Then it may break if you are ending with a too tight knot, as well. Then it may snap soon at any short time after start playing. Isn't is a shame for how much money you've spent for it? Also, one should improvise to extend its life time, i.e. by using hybrids, and stringing VS on mains or crosses depending on what kind of hits player is using (spin or flat). Yet still wouldn't worth, anyways.",438577,misc - neutral,22,misc,misc,Neutral,manual,"Any gut under or equal to 130 mm has serious problems beforehand, starting with the stringig time. If it's so thin, may brake even before stringing, at the prestretch preparation. At 26 - 28 kg, by applying a 15% - 20% stretch on top, one should keep his fingers crossed. Then it may break if you are ending with a too tight knot, as well. Then it may snap soon at any short time after start playing. Isn't is a shame for how much money you've spent for it? Also, one should improvise to extend its life time, i.e. by using hybrids, and stringing VS on mains or crosses depending on what kind of hits player is using (spin or flat). Yet still wouldn't worth, anyways."
Calitate indoielnica. S-au rupt din prima ora de utilizare.,438470,quality - negative,22,quality,quality,Negative,manual,Calitate indoielnica. S-au rupt din prima ora de utilizare.
"Prosopul din microfibra este foarte practic, absoarbe foarte bine apa, se usuca repede si nu se decoloreaza la spalat. De asemenea, fiind usor se ruleaza bine si se prinde cu banda elastica foarte bine astfel incat nu reduce substantial volumul bagajului. Noi avem 6 buc., culori diferite pentru fiecare membru al familiei, asa ca am  anulat geanta mare de prosoape de plaja. Foarte incantati de produs.",439243,product - positive,22,product,product,Positive,manual,"Prosopul din microfibra este foarte practic, absoarbe foarte bine apa, se usuca repede si nu se decoloreaza la spalat. De asemenea, fiind usor se ruleaza bine si se prinde cu banda elastica foarte bine astfel incat nu reduce substantial volumul bagajului. Noi avem 6 buc., culori diferite pentru fiecare membru al familiei, asa ca am anulat geanta mare de prosoape de plaja. Foarte incantati de produs."
Mi-a lăsat impresia unui magazin mai mic şi destul de neângrijit /nearanjat.Sentimentul general că preţurile sunt mari şi că nu mai este un magazin de sport pentru toată lumea ....,438731,"{'choices': ['environment - negative', 'price - negative', 'shop organization - negative']}",22,environment; price; shop organization,environment; price; shop organization,Negative; Negative; Negative,manual,Mi-a lăsat impresia unui magazin mai mic și destul de neângrijit /nearanjat.Sentimentul general că prețurile sunt mari și că nu mai este un magazin de sport pentru toată lumea ....
Nu se deschide cum trebuie si nici la inchidere nu merge mereu,438477,product - negative,22,product,product,Negative,manual,Nu se deschide cum trebuie si nici la inchidere nu merge mereu
"Am fost vineri seara, 26.09.2015, la atelierul din Pallady si nu era nici un angajat capabil sa imi scrie 2 nume pe tricou. Nu vad rostul programului si al atelierului daca nu aveti personal.",438419,"{'choices': ['staff availability - negative', 'staff competency - negative']}",22,staff availability; staff competency,staff availability; staff competency,Negative; Negative,manual,"Am fost vineri seara, 26.09.2015, la atelierul din Pallady si nu era nici un angajat capabil sa imi scrie 2 nume pe tricou. Nu vad rostul programului si al atelierului daca nu aveti personal."
"Nu am găsit în stoc """"pompa de mâna 900"""" (Cluj, Sibiu, Iaşi, Bacău).Nu stați bine la veste reflectorizante pt. biciclişti.",438742,shop diversity - negative,22,shop diversity,shop diversity,Negative,manual,"Nu am găsit în stoc """"pompa de mâna 900"""" (Cluj, Sibiu, Iași, Bacău).Nu stați bine la veste reflectorizante pt. bicicliști."
"Cap racord pompa suprafata de sprijin este mica si conduce la deterioararea filetului in timp datorita solicitarilor. Cap racord camera nerotativ, se ataseaza greu prin rotirea intregului ansamblu pompa-racord.",439103,product - negative,22,product,product,Negative,manual,"Cap racord pompa suprafata de sprijin este mica si conduce la deterioararea filetului in timp datorita solicitarilor. Cap racord camera nerotativ, se ataseaza greu prin rotirea intregului ansamblu pompa-racord."
Sa fie mai stabile standurile adica un format fix magazinul din sibiu si-a schimbat de vreo 3 ori conformatia.,439058,shop organization - negative,22,shop organization,shop organization,Negative,manual,Sa fie mai stabile standurile adica un format fix magazinul din sibiu si-a schimbat de vreo 3 ori conformatia.
As fi dorit o pereche se adidași dar erau numai la prețuri exagerate.,438760,price - negative,22,price,price,Negative,manual,As fi dorit o pereche se adidași dar erau numai la prețuri exagerate.
"Stiam ce caut, am rezolvat repede. Ok la tot, nimic de comentat,",439162,misc - neutral,22,misc,misc,Neutral,manual,"Stiam ce caut, am rezolvat repede. Ok la tot, nimic de comentat,"
"Foarte buni baietii, detalii tot perfect, s-au miscat zic eu repede, doar ca unul statea la intampinare iar altul repara, daca reparau doi era mai rapida treaba!Multumit pe deplin, cost ok, reparatie ok!",438986,"{'choices': ['price - positive', 'service - positive', 'staff competency - positive']}",22,price; service; staff competency,price; service; staff competency,Positive; Positive; Positive,manual,"Foarte buni baietii, detalii tot perfect, s-au miscat zic eu repede, doar ca unul statea la intampinare iar altul repara, daca reparau doi era mai rapida treaba!Multumit pe deplin, cost ok, reparatie ok!"
"Are multe neajunsuri. Principalul atu al ei este cadrul,în rest...",438521,"{'choices': ['product - positive', 'product - negative']}",22,product; product,product,Positive; Negative,manual,"Are multe neajunsuri. Principalul atu al ei este cadrul,în rest..."
"De la o vreme incoace, stocul magazinelor a inceput sa fie foarte slab.La fel si pe site-ul online, mereu apare mesajul """"momentan fara stoc"""", la foarte multe produse care m-ar fi interesat.Eu sunt nevoit sa fac km buni pana in orasele in care exista Decathlon, iar cand ajung acolo, sa constat ca nu este in stoc ceea ce am vrut sa cumpar, chiar daca pe site-ul online apare """"pe stoc"""" in magazinul respectiv.",438327,"{'choices': ['shop diversity - negative', 'shop organization - negative']}",22,shop diversity; shop organization,shop diversity; shop organization,Negative; Negative,manual,"De la o vreme incoace, stocul magazinelor a inceput sa fie foarte slab.La fel si pe site-ul online, mereu apare mesajul """"momentan fara stoc"""", la foarte multe produse care m-ar fi interesat.Eu sunt nevoit sa fac km buni pana in orasele in care exista Decathlon, iar cand ajung acolo, sa constat ca nu este in stoc ceea ce am vrut sa cumpar, chiar daca pe site-ul online apare """"pe stoc"""" in magazinul respectiv."
"Neplacerile au fost cauzate la Atelier. In momentul in care am lasat o roata la centrat mi s-a spus ca nu crede ca o poate face pe loc ca e un pic aglomerat, lucru ce nu m-a deranjat deloc(nici nu ma asteptam sa fie pe loc). A doua zi cand am venit sa ridic(la aproximativ 24 ore), am asteptat 15 min sa ma bage careva in seama in conditiile in care cel ce deservea zona respectiva era prezent dar a plecat la un moment dat cu un client si nu a mai revenit iar la case dupa 5 min batea vantul si colegii sai se amuzau cu diverse. Eu eram singura persoana ce astepta la Atelier. Cand in sfarsit am fost observat mi s-a spus ca roata nici nu a fost facuta si ca ar fi trebuit sa vin cand sunt sunat, lucru ce ar fi trebuit sa il cunosc. La predare, nu mi s-au spus aceste lucruri iar pe biletelul inmanat era trecuta ziua si ora la care m-am prezentat eu pentru ridicare. In ciuda amabilitatii respectivului, am stricat seara mergand la Decathlon degeaba. Acum trebuie sa mai merg odata, fiind sunat la scurt timp ca roata a fost facuta. Prost management al clientilor in zona Atelier, comunicare deficitara la predare. Urmeaza sa vad calitatea reparatiei.",438385,"{'choices': ['service - negative', 'staff competency - positive', 'staff competency - negative']}",22,service; staff competency; staff competency,service; staff competency,Negative; Positive; Negative,manual,"Neplacerile au fost cauzate la Atelier. In momentul in care am lasat o roata la centrat mi s-a spus ca nu crede ca o poate face pe loc ca e un pic aglomerat, lucru ce nu m-a deranjat deloc(nici nu ma asteptam sa fie pe loc). A doua zi cand am venit sa ridic(la aproximativ 24 ore), am asteptat 15 min sa ma bage careva in seama in conditiile in care cel ce deservea zona respectiva era prezent dar a plecat la un moment dat cu un client si nu a mai revenit iar la case dupa 5 min batea vantul si colegii sai se amuzau cu diverse. Eu eram singura persoana ce astepta la Atelier. Cand in sfarsit am fost observat mi s-a spus ca roata nici nu a fost facuta si ca ar fi trebuit sa vin cand sunt sunat, lucru ce ar fi trebuit sa il cunosc. La predare, nu mi s-au spus aceste lucruri iar pe biletelul inmanat era trecuta ziua si ora la care m-am prezentat eu pentru ridicare. In ciuda amabilitatii respectivului, am stricat seara mergand la Decathlon degeaba. Acum trebuie sa mai merg odata, fiind sunat la scurt timp ca roata a fost facuta. Prost management al clientilor in zona Atelier, comunicare deficitara la predare. Urmeaza sa vad calitatea reparatiei."
"Acest accesoriu este foarte incomod în timpul alergarii. De asemenea dopul este foarte greu de folosit, abia trece apa prin el.",438337,product - negative,22,product,product,Negative,manual,"Acest accesoriu este foarte incomod în timpul alergarii. De asemenea dopul este foarte greu de folosit, abia trece apa prin el."
"Totusi, in prezentarea celor 2 sorturi pe site-ul dvs. erau:  bumbac 100%. Pe eticheta scrie 80% bumbac-20%poliester. Deci informatii eronate",438711,tech support - negative,22,tech support,tech support,Negative,manual,"Totusi, in prezentarea celor 2 sorturi pe site-ul dvs. erau: bumbac 100%. Pe eticheta scrie 80% bumbac-20%poliester. Deci informatii eronate"
"MA ASTEPTAM LA UN SPATIU MAI MARE, SI LA O GAMA MAI VARIATA,  CA IN MARILE MAGAZINE DECATHLON. PE VIITOR CINE STIE?...",439136,"{'choices': ['shop diversity - negative', 'shop organization - negative']}",22,shop diversity; shop organization,shop diversity; shop organization,Negative; Negative,manual,"MA ASTEPTAM LA UN SPATIU MAI MARE, SI LA O GAMA MAI VARIATA, CA IN MARILE MAGAZINE DECATHLON. PE VIITOR CINE STIE?..."
"In general nu aveti suficiente marimi  pentru articolele de imbracaminte sau incaltaminte. Unele produse nu respecta marimile standard, fiind prea mici sau prea mari fata de acestea.",439043,"{'choices': ['product - negative', 'shop diversity - negative']}",22,product; shop diversity,product; shop diversity,Negative; Negative,manual,"In general nu aveti suficiente marimi pentru articolele de imbracaminte sau incaltaminte. Unele produse nu respecta marimile standard, fiind prea mici sau prea mari fata de acestea."
Totul a fost bine.dar am stat un pic cam mult la casa,438809,service - negative,22,service,service,Negative,manual,Totul a fost bine.dar am stat un pic cam mult la casa
"cat si la case. Pe raioane trebuie pur si simplu sa-i vanezi, se fac ca nu te vad, si te trimit aiurea pt ca nu stiu marfa din magazin. Cei de la case trag de tiiiimp, abia scaneaza lucrurile, cu toate ca magazinul era gol am stat 20 mnin la casa, domnisoara era interesata de barfa, ce zice bodyguardul, cine intra in magazin, etc. Jale!",438434,staff competency - negative,22,staff competency,staff competency,Negative,manual,"cat si la case. Pe raioane trebuie pur si simplu sa-i vanezi, se fac ca nu te vad, si te trimit aiurea pt ca nu stiu marfa din magazin. Cei de la case trag de tiiiimp, abia scaneaza lucrurile, cu toate ca magazinul era gol am stat 20 mnin la casa, domnisoara era interesata de barfa, ce zice bodyguardul, cine intra in magazin, etc. Jale!"
"Va descurcati voi si fara opinia mea, doar sunteti profesionisti, nu?",438755,misc - neutral,22,misc,misc,Neutral,manual,"Va descurcati voi si fara opinia mea, doar sunteti profesionisti, nu?"
"E de necrezut cum ati introdus noul sistem de case de marcat, tot am zis ca o sa va zic (- acum e ocazia  ). Puneti clientii in situatii ridicole - adica eu stau cu banii in mana si cu produsele in cos la coada la casele de marcat - si voi tineti acolo 5-6 case cate sunt cu un singur angajat la ele, maxim doi - ca restul sunt prin magazin ... stam la coada si e penibil - daca de ex casa 1 e cu 1 client , casa 2 goala, iar la casa 4 stau e clienti - din aia 3 nu are voie nici unul sa plece spre cadsa 1 pana nu e chemat la microfanele din magazin ... pai se vede cu ochiu liber ca e degajata casa 1 de ce sa stam la coada 3-4 la casa 4  ... ? ... schibati asta - e jenat pentu mine ca si client sa stau pe banii mei la o coada aiurea - la o coada gresit gestionata de DVS",438416,service - negative,22,service,service,Negative,manual,"E de necrezut cum ati introdus noul sistem de case de marcat, tot am zis ca o sa va zic (- acum e ocazia ). Puneti clientii in situatii ridicole - adica eu stau cu banii in mana si cu produsele in cos la coada la casele de marcat - si voi tineti acolo 5-6 case cate sunt cu un singur angajat la ele, maxim doi - ca restul sunt prin magazin ... stam la coada si e penibil - daca de ex casa 1 e cu 1 client , casa 2 goala, iar la casa 4 stau e clienti - din aia 3 nu are voie nici unul sa plece spre cadsa 1 pana nu e chemat la microfanele din magazin ... pai se vede cu ochiu liber ca e degajata casa 1 de ce sa stam la coada 3-4 la casa 4 ... ? ... schibati asta - e jenat pentu mine ca si client sa stau pe banii mei la o coada aiurea - la o coada gresit gestionata de DVS"
"Ce rost mai are să comand un produs prin click&collect când constați , atunci când ajungi în magazin ca produsul nu e pregătit și mai trebuie să mai astepti 20 de minute până cand produsul (bicicleta) este gata de drum.Data viitoare am să încerc direct prin curier.",438301,service - negative,22,service,service,Negative,manual,"Ce rost mai are să comand un produs prin click&collect când constați , atunci când ajungi în magazin ca produsul nu e pregătit și mai trebuie să mai astepti 20 de minute până cand produsul (bicicleta) este gata de drum.Data viitoare am să încerc direct prin curier."
Sa va asigurați ca exista pe stoc produsele prezentate pe site si din reclame.,439147,shop organization - negative,22,shop organization,shop organization,Negative,manual,Sa va asigurați ca exista pe stoc produsele prezentate pe site si din reclame.
"Fara comentarii, totul a decurs în timpul vizitei mele la magazin, ireproșabil,  extrem de plăcut și relaxant.",439255,misc - neutral,22,misc,misc,Neutral,manual,"Fara comentarii, totul a decurs în timpul vizitei mele la magazin, ireproșabil, extrem de plăcut și relaxant."
"Am achizitionat aceste cizmulite pentru fetita mea, in lipsa ei. Le-am dus acasa, iar acolo surpriza. Nu I-au fost bune. Fara nici un comentariu cei de la Decathlon le-au schimbat cu un numar mai mare. MULTUMESC DECATHLON.",438995,staff competency - positive,22,staff competency,staff competency,Positive,manual,"Am achizitionat aceste cizmulite pentru fetita mea, in lipsa ei. Le-am dus acasa, iar acolo surpriza. Nu I-au fost bune. Fara nici un comentariu cei de la Decathlon le-au schimbat cu un numar mai mare. MULTUMESC DECATHLON."
"Am fost inainte de revelion pentru a repara o pereche de skiuri si o placa de snowboard si mi-au spus ca va dura 4 zile. Dupa cateva negocieri, pentru ca noi plecam in a 4-a zi, au zis ca le fac in 3 zile. Am venit peste 3 zile si nu au fost terminate la timp. Mi-au spus sa revin dupa 2 ore. M-am intors si mi le-au dat. Am dat 120 lei, iar cand am ajuns pe partie, placa de snowboard nu aluneca deloc. Mi-au spus baietii de la inchirieri de la statiune ca si-au batut joc de placa si ca au pus un kilogram de ceara si nici nu l-au netezit.Cu siguranta nu voi mai repara echipamentele de ski la decathlon.",439386,service - negative,22,service,service,Negative,manual,"Am fost inainte de revelion pentru a repara o pereche de skiuri si o placa de snowboard si mi-au spus ca va dura 4 zile. Dupa cateva negocieri, pentru ca noi plecam in a 4-a zi, au zis ca le fac in 3 zile. Am venit peste 3 zile si nu au fost terminate la timp. Mi-au spus sa revin dupa 2 ore. M-am intors si mi le-au dat. Am dat 120 lei, iar cand am ajuns pe partie, placa de snowboard nu aluneca deloc. Mi-au spus baietii de la inchirieri de la statiune ca si-au batut joc de placa si ca au pus un kilogram de ceara si nici nu l-au netezit.Cu siguranta nu voi mai repara echipamentele de ski la decathlon."
"In primul rand varietate mai mare a produselor. Adesea stocurile nu sunt reimprospatate suficient de repede, de ex la ultima vizita nu mai era nici o butelie de primus...inadmisibil din punctul meu de vedere pentru un astfel de magazin",439332,shop diversity - negative,22,shop diversity,shop diversity,Negative,manual,"In primul rand varietate mai mare a produselor. Adesea stocurile nu sunt reimprospatate suficient de repede, de ex la ultima vizita nu mai era nici o butelie de primus...inadmisibil din punctul meu de vedere pentru un astfel de magazin"
A durat 4 zile sa fie procesata comanda si sa mi se spuna ca un produs nu mai e pe stocul magazinului. Multe din produsele de pe site nu pot fi comandate on-line.,438567,"{'choices': ['service - negative', 'tech support - negative']}",22,service; tech support,service; tech support,Negative; Negative,manual,A durat 4 zile sa fie procesata comanda si sa mi se spuna ca un produs nu mai e pe stocul magazinului. Multe din produsele de pe site nu pot fi comandate on-line.
Un lucru foarte confortabil pentru orice cumparator aceasta garantie la cumparare. Sa tot cumperi de aici.,438930,return warranty - positive,22,return warranty,return warranty,Positive,manual,Un lucru foarte confortabil pentru orice cumparator aceasta garantie la cumparare. Sa tot cumperi de aici.
"am fost dezamagit, am stat la coada sa fac o factura, 6 persoane m-au dezamagit, am plecat.",438668,"{'choices': ['service - negative', 'staff competency - negative']}",22,service; staff competency,service; staff competency,Negative; Negative,manual,"am fost dezamagit, am stat la coada sa fac o factura, 6 persoane m-au dezamagit, am plecat."
"Buna Ziua!Am plasat o comanda pe data de 4 seara - produsele fiind in stoc,  am sunat pentru confimare pe 5, am sunat pe 8 pentru informatii referitoare la comanda, am sunat astazi pentru aceleasi informatii. .Dezamagitor! Nici in luna decembrie , livrarile nu au avut asemenea intarzieri, va spun aceste lucruri in conditiile in care lucrez cu fan si cunosc situatia. Da, recomand produsele care sunt ff ok, nu recomand serviciile online.",438361,"{'choices': ['delivery - negative', 'product - positive', 'service - negative']}",22,delivery; product; service,delivery; product; service,Negative; Positive; Negative,manual,"Buna Ziua!Am plasat o comanda pe data de 4 seara - produsele fiind in stoc, am sunat pentru confimare pe 5, am sunat pe 8 pentru informatii referitoare la comanda, am sunat astazi pentru aceleasi informatii. .Dezamagitor! Nici in luna decembrie , livrarile nu au avut asemenea intarzieri, va spun aceste lucruri in conditiile in care lucrez cu fan si cunosc situatia. Da, recomand produsele care sunt ff ok, nu recomand serviciile online."
"Se poate si.mai bine,dar salariatii ar trebui mult mai calificati ,iar marfurile din magazin sa aiba o calitate occidentala.Asa suntem obligati uneori sa ne multumim cu ce aduceti pentru ca aici nu prea aveti concurenta.",438691,"{'choices': ['quality - negative', 'staff competency - negative']}",22,quality; staff competency,quality; staff competency,Negative; Negative,manual,"Se poate si.mai bine,dar salariatii ar trebui mult mai calificati ,iar marfurile din magazin sa aiba o calitate occidentala.Asa suntem obligati uneori sa ne multumim cu ce aduceti pentru ca aici nu prea aveti concurenta."
"Nu mai lasati oamenii/copii sa foloseasca biciclete, trotinete skateboard, minigi, etc. Am fost accidentat de un neatent. Nu e in regula sa vin la cumparaturi si sa trebuiasca sa fiu atent sa nu dea careva peste mine",438821,environment - negative,22,environment,environment,Negative,manual,"Nu mai lasati oamenii/copii sa foloseasca biciclete, trotinete skateboard, minigi, etc. Am fost accidentat de un neatent. Nu e in regula sa vin la cumparaturi si sa trebuiasca sa fiu atent sa nu dea careva peste mine"
Va rog sa aduceti in magazinul din Tg.Mures articole de echitatie ( in special pt copii).,439257,shop diversity - negative,22,shop diversity,shop diversity,Negative,manual,Va rog sa aduceti in magazinul din Tg.Mures articole de echitatie ( in special pt copii).
Mai multe marimi pentru cei slabuti.Un S adecvat persoanelor di regiunea continentului in care traim.,439071,shop diversity - negative,22,shop diversity,shop diversity,Negative,manual,Mai multe marimi pentru cei slabuti.Un S adecvat persoanelor di regiunea continentului in care traim.
"De obicei Decathlon Cluj-Napoca are probleme la disponibilitatea produselor. Zmeie adulți - pe site sunt 25 de modele, în magazin 3-4 modele. Sandale copii - nu se găsesc produse pentru mărimile 23-27. Patine de gheață pentru copii - am găsit o singură bucată în Iași. Jachetă Simond Hybrid Sprint - comandă în magazin, adusă din depozitul din Europa. Jachetă de vânt pentru trail/alergare - adusă din București.",439210,"{'choices': ['shop diversity - negative', 'shop organization - negative']}",22,shop diversity; shop organization,shop diversity; shop organization,Negative; Negative,manual,"De obicei Decathlon Cluj-Napoca are probleme la disponibilitatea produselor. Zmeie adulți - pe site sunt 25 de modele, în magazin 3-4 modele. Sandale copii - nu se găsesc produse pentru mărimile 23-27. Patine de gheață pentru copii - am găsit o singură bucată în Iași. Jachetă Simond Hybrid Sprint - comandă în magazin, adusă din depozitul din Europa. Jachetă de vânt pentru trail/alergare - adusă din București."
"Informatii eronate cu privire la stoc si produsele disponibile in magazin.Am vizitat magazinuul Dechatlon din Theodor Pallady si ni s.a comunicat ca exista pe stocul din acest magazin 11 bucati din produsul cautat. Ajungand aici, la fata locului, angajatuul ne.a comunicat ca este o greseala si ca produsul nu exista. Nu mai recomandam acest lant de magazine si nici nu il vom mai vizita.",438354,"{'choices': ['shop organization - negative', 'staff competency - negative']}",22,shop organization; staff competency,shop organization; staff competency,Negative; Negative,manual,"Informatii eronate cu privire la stoc si produsele disponibile in magazin.Am vizitat magazinuul Dechatlon din Theodor Pallady si ni s.a comunicat ca exista pe stocul din acest magazin 11 bucati din produsul cautat. Ajungand aici, la fata locului, angajatuul ne.a comunicat ca este o greseala si ca produsul nu exista. Nu mai recomandam acest lant de magazine si nici nu il vom mai vizita."
"buna ziua ,am fost in 5 sau 6 ianuarie si rafturile erau cam goale ,nu era facuta reaprovizionarea",439119,shop diversity - negative,22,shop diversity,shop diversity,Negative,manual,"buna ziua ,am fost in 5 sau 6 ianuarie si rafturile erau cam goale ,nu era facuta reaprovizionarea"
"Imi  place sa fac cumparaturi din acest magazin. Personalul este amabil vine cu informatii si detalii precise, fie cand am comunicat pe e mail, fie direct in magazin. Atmosfera e degajata...preturi afisate, poti incerca produsele in voie fara sa fii stresat de vanzator cu diverse remarci. Cabinele de proba sunt doar intr-un singur loc vis-a-vis de suprafata mare a magazinului  - si poate ca daca ar fi orientate in 2 puncte diametral opuse ar fi mai ok. Gama de produse este diversificata si chiar de calitate. Va doresc succes!",439249,"{'choices': ['staff competency - positive', 'environment - positive', 'shop organization - positive', 'shop organization - neutral', 'shop diversity - positive', 'quality - positive', 'service - positive']}",22,staff competency; environment; shop organization; shop organization; shop diversity; quality; service,staff competency; environment; shop organization; shop diversity; quality; service,Positive; Positive; Positive; Neutral; Positive; Positive; Positive,manual,"Imi place sa fac cumparaturi din acest magazin. Personalul este amabil vine cu informatii si detalii precise, fie cand am comunicat pe e mail, fie direct in magazin. Atmosfera e degajata...preturi afisate, poti incerca produsele in voie fara sa fii stresat de vanzator cu diverse remarci. Cabinele de proba sunt doar intr-un singur loc vis-a-vis de suprafata mare a magazinului - si poate ca daca ar fi orientate in 2 puncte diametral opuse ar fi mai ok. Gama de produse este diversificata si chiar de calitate. Va doresc succes!"
"Preturile trebuiesc actualizate in functie de salariul minin pe economie. Majoritatea oamenilor nu au castiguri foarte mari. In acest magazin trebuie sa intre si omul de rand cu aceeasi placere cu care intra omul cu bani. Stiu raportul calitate / pret este foarte ok, dar trebuie sa ne raportam la salariile zilelor noastre. O zi buna",439372,"{'choices': ['price - negative', 'quality - positive', 'price - positive']}",22,price; quality; price,price; quality,Negative; Positive; Positive,manual,"Preturile trebuiesc actualizate in functie de salariul minin pe economie. Majoritatea oamenilor nu au castiguri foarte mari. In acest magazin trebuie sa intre si omul de rand cu aceeasi placere cu care intra omul cu bani. Stiu raportul calitate / pret este foarte ok, dar trebuie sa ne raportam la salariile zilelor noastre. O zi buna"
"nu a prea fost saitul cum trebuie. e prea incurcat.,am vrut 23 de tricouri pentru ziua europei si in final nu sa putut .a trebiut mai multe telefoane si drumuri la magazinul decatlon pentru a rezolva in final situatia cu tricouri mai mari.",438609,tech support - negative,22,tech support,tech support,Negative,manual,"nu a prea fost saitul cum trebuie. e prea incurcat.,am vrut 23 de tricouri pentru ziua europei si in final nu sa putut .a trebiut mai multe telefoane si drumuri la magazinul decatlon pentru a rezolva in final situatia cu tricouri mai mari."
"In general ok, dar cu ceva lipsuri mentionate in rubricile de mai jos.",438757,misc - neutral,22,misc,misc,Neutral,manual,"In general ok, dar cu ceva lipsuri mentionate in rubricile de mai jos."
"Mărimile pentru un produs erau foarte amestecate, nu am înțeles, de asemenea, de ce mingile de volei erau expuse într - un loc diferit de celelalte. Marfa aranjată haotic, după părerea mea.",438705,shop organization - negative,22,shop organization,shop organization,Negative,manual,"Mărimile pentru un produs erau foarte amestecate, nu am înțeles, de asemenea, de ce mingile de volei erau expuse într - un loc diferit de celelalte. Marfa aranjată haotic, după părerea mea."
"In magazinul din Sibiu lasa impresia in anumite raioane, ca este facut numai din resturi aduse din diverse parti, sunt multe produse carenu au perechea sau se gasesc doar cate o marime.",438555,"{'choices': ['shop diversity - negative', 'shop organization - negative']}",22,shop diversity; shop organization,shop diversity; shop organization,Negative; Negative,manual,"In magazinul din Sibiu lasa impresia in anumite raioane, ca este facut numai din resturi aduse din diverse parti, sunt multe produse carenu au perechea sau se gasesc doar cate o marime."
"Pe etichetele produselor de la raft nu sunt mentionate caracteristici importate, de exemplu ce greutate maxim admisa este la scaune sau paturi. Multe articole vestimentare nu mai au etichete cu marimea....",438804,shop organization - negative,22,shop organization,shop organization,Negative,manual,"Pe etichetele produselor de la raft nu sunt mentionate caracteristici importate, de exemplu ce greutate maxim admisa este la scaune sau paturi. Multe articole vestimentare nu mai au etichete cu marimea...."
"Le-am folosit vreo 6 luni, dupa aceasta perioada , fara sa am nici macar o zgarietura pe partea de rulare, peretii laterali ai cauciucului au inceput sa piarda materialul, puteai chiar sa razuiesti cauciucul cu unghia. Totdata au aparut si crapaturi laterale intre banda de culoare rosie si partea neagra.Din pacate este o problema cunoscuta la Michelin, mai ales la cauciucurile cu peretii laterali colorati. Probabil sa fie afectati de vopseaua folosita. Oricum eu am avut probleme serioase si cu Michelin Lithion 2 , astfel injcat nu voi mai folosi vreodata cauciucuri  Michelin. Feriti-va de Michelin daca tineti la viata voastra.",438417,product - negative,22,product,product,Negative,manual,"Le-am folosit vreo 6 luni, dupa aceasta perioada , fara sa am nici macar o zgarietura pe partea de rulare, peretii laterali ai cauciucului au inceput sa piarda materialul, puteai chiar sa razuiesti cauciucul cu unghia. Totdata au aparut si crapaturi laterale intre banda de culoare rosie si partea neagra.Din pacate este o problema cunoscuta la Michelin, mai ales la cauciucurile cu peretii laterali colorati. Probabil sa fie afectati de vopseaua folosita. Oricum eu am avut probleme serioase si cu Michelin Lithion 2 , astfel injcat nu voi mai folosi vreodata cauciucuri Michelin. Feriti-va de Michelin daca tineti la viata voastra."
e o bicicleta foarte buna dar putea sa vina cu aparatori sau pompa ar fi fost utile,439038,product - positive,22,product,product,Positive,manual,e o bicicleta foarte buna dar putea sa vina cu aparatori sau pompa ar fi fost utile
"Nu am momentan nici o sugestie de facut.  Multumit de magazin, si de produsele oferite. Un singur aspect cu minus. In fata unde erau produsele de sfarsit de  colectie, majoritatea nu aveau etichete cu preturi, ci doar marimile.",438838,"{'choices': ['product - positive', 'shop organization - negative']}",22,product; shop organization,product; shop organization,Positive; Negative,manual,"Nu am momentan nici o sugestie de facut. Multumit de magazin, si de produsele oferite. Un singur aspect cu minus. In fata unde erau produsele de sfarsit de colectie, majoritatea nu aveau etichete cu preturi, ci doar marimile."
"Anumite produse nu sunt disponibile pentru toate categoriile de clienti. Spre exemplu, exista anumite tipuri de bluze disponibile doar pentru baieti sau doar pentru fete.",438779,shop diversity - negative,22,shop diversity,shop diversity,Negative,manual,"Anumite produse nu sunt disponibile pentru toate categoriile de clienti. Spre exemplu, exista anumite tipuri de bluze disponibile doar pentru baieti sau doar pentru fete."
Produsul primit nu corespunde 100% cu prezentarea facuta pe site.,438487,shop organization - negative,22,shop organization,shop organization,Negative,manual,Produsul primit nu corespunde 100% cu prezentarea facuta pe site.
"Am primit un termen de livrare de 15 zile pentru niste sireturi de bocanci (comanda 19/02/2018 confirmata pe 06/03/2018). La plasarea comenzii figura ca sireturile sunt in stoc. Inainte de expirarea termenului am fost anuntat ca termenul de livrare nu poate fi respectat deoarece articolul cerut nu este in stoc si va fi livrat cu intirziere. Normal am fost de acord cu termenul modificat - daca am asteptat 2 saptamini, o saptamana nu mai conteaza. Pana ajung la mine sireturile ajunge la noi si primavara, si iarna viitoare o sa am si eu sireturi noi in bocanci. Am punctat calitatea si conformitatea comenzii foarte slab din cauza ca nu am primit pana acum articolul comandat. Sper ca totusi va fi de calitate.",438436,"{'choices': ['delivery - negative', 'service - negative']}",22,delivery; service,delivery; service,Negative; Negative,manual,"Am primit un termen de livrare de 15 zile pentru niste sireturi de bocanci (comanda 19/02/2018 confirmata pe 06/03/2018). La plasarea comenzii figura ca sireturile sunt in stoc. Inainte de expirarea termenului am fost anuntat ca termenul de livrare nu poate fi respectat deoarece articolul cerut nu este in stoc si va fi livrat cu intirziere. Normal am fost de acord cu termenul modificat - daca am asteptat 2 saptamini, o saptamana nu mai conteaza. Pana ajung la mine sireturile ajunge la noi si primavara, si iarna viitoare o sa am si eu sireturi noi in bocanci. Am punctat calitatea si conformitatea comenzii foarte slab din cauza ca nu am primit pana acum articolul comandat. Sper ca totusi va fi de calitate."
E un loc pe care il fercventez periodic si care imi ofera o gama variata si calitativa de articole sportive si nu numai.,438927,"{'choices': ['quality - positive', 'shop diversity - positive']}",22,quality; shop diversity,quality; shop diversity,Positive; Positive,manual,E un loc pe care il fercventez periodic si care imi ofera o gama variata si calitativa de articole sportive si nu numai.
"De calitate sunt multumita, insa as dori daca se poate sa avem posibilitatea de a alege intre cel putin doua firme de curierat fiindca Fan Courierul e sub orice critica in orice privinta, insa la nesimtire le-as acorda 5pcte. as dori sa mai comand de la Decathlon, dar nu prin Fan daca s-ar putea.",439310,"{'choices': ['quality - positive', 'delivery - negative']}",22,quality; delivery,quality; delivery,Positive; Negative,manual,"De calitate sunt multumita, insa as dori daca se poate sa avem posibilitatea de a alege intre cel putin doua firme de curierat fiindca Fan Courierul e sub orice critica in orice privinta, insa la nesimtire le-as acorda 5pcte. as dori sa mai comand de la Decathlon, dar nu prin Fan daca s-ar putea."
"fetitele noastre testeaza in timpul vizitelor: trotinete, biciclete, role (am si cumparat pana cum cam tot ce ati scos din gama 2-4 roti)in acest mod parintii decid corect ce pot achizitiona pentru copii si au timp sa verifice si alte game de produse atentia copiilor fiind atrasa de joacadin paris in roma si pana in bucuresti ne-am obisnuit sa avem un personal decathlon care sa sustina aceasta atmosferaDecathlon BERCENI: biciclete/ trotinete de test sunt legate cu sirma, personalul se adreseaza incorect copiilor, personalul se adreseaza incorect parintilor mentionand ca magazinul nu este un loc de joaca cu toate ca aveam o singura fetita in trambulina - fara pantofi si de 2 minute......RUSINE",438522,"{'choices': ['environment - positive', 'environment - negative', 'staff competency - negative']}",22,environment; environment; staff competency,environment; staff competency,Positive; Negative; Negative,manual,"fetitele noastre testeaza in timpul vizitelor: trotinete, biciclete, role (am si cumparat pana cum cam tot ce ati scos din gama 2-4 roti)in acest mod parintii decid corect ce pot achizitiona pentru copii si au timp sa verifice si alte game de produse atentia copiilor fiind atrasa de joacadin paris in roma si pana in bucuresti ne-am obisnuit sa avem un personal decathlon care sa sustina aceasta atmosferaDecathlon BERCENI: biciclete/ trotinete de test sunt legate cu sirma, personalul se adreseaza incorect copiilor, personalul se adreseaza incorect parintilor mentionand ca magazinul nu este un loc de joaca cu toate ca aveam o singura fetita in trambulina - fara pantofi si de 2 minute......RUSINE"
"Bicicleta a folosit-o fiul meu timp de 3 ani. Pe ea a invatat sa mearga, cu ea a fost la concursuri pe asfalt si concursuri MTB, am mers impreuna prin paduri iar bicicleta a rezistat eroic, fara sa fie nevoie de reparatii. Intretinerea se face usor.",439178,"{'choices': ['product - positive', 'quality - positive']}",22,product; quality,product; quality,Positive; Positive,manual,"Bicicleta a folosit-o fiul meu timp de 3 ani. Pe ea a invatat sa mearga, cu ea a fost la concursuri pe asfalt si concursuri MTB, am mers impreuna prin paduri iar bicicleta a rezistat eroic, fara sa fie nevoie de reparatii. Intretinerea se face usor."
"Reduceri ok, varietate, cabine de proba, avantaj cu cardul de fidelitate, produse pentru orice buzunar, rapiditate la casa de marcat.",439051,"{'choices': ['price - positive', 'promotions - positive', 'service - positive', 'shop diversity - positive', 'staff competency - positive']}",22,price; promotions; service; shop diversity; staff competency,price; promotions; service; shop diversity; staff competency,Positive; Positive; Positive; Positive; Positive,manual,"Reduceri ok, varietate, cabine de proba, avantaj cu cardul de fidelitate, produse pentru orice buzunar, rapiditate la casa de marcat."
Il recomand tuturor celor care doresc sa-si achizitioneze fluturasi.,439019,product - positive,22,product,product,Positive,manual,Il recomand tuturor celor care doresc sa-si achizitioneze fluturasi.
"Un produs usor de folosit, de calitate. Sunt foarte multumit",438999,"{'choices': ['product - positive', 'quality - positive']}",22,product; quality,product; quality,Positive; Positive,manual,"Un produs usor de folosit, de calitate. Sunt foarte multumit"
"Chiar daca produsele de sezon sunt cele mai cautate asta nu inseamna ca nu pot sa cumpar o jacheta, un softshel, un bocanc sau un polar primavara. Aceste produse lipsesc aproape total din oferta",438452,shop diversity - negative,22,shop diversity,shop diversity,Negative,manual,"Chiar daca produsele de sezon sunt cele mai cautate asta nu inseamna ca nu pot sa cumpar o jacheta, un softshel, un bocanc sau un polar primavara. Aceste produse lipsesc aproape total din oferta"
F slaba actualizare a stocurilor de pe site versus stocurile fizice. Aveti pe site halate de baie pentru baieti si in realitate nu mai sunt de cateva luni bune.,438476,shop organization - negative,22,shop organization,shop organization,Negative,manual,F slaba actualizare a stocurilor de pe site versus stocurile fizice. Aveti pe site halate de baie pentru baieti si in realitate nu mai sunt de cateva luni bune.
"Consilierii sunt greu de gasit in magazin si cand gasesti unul,acesta nu e la curent cu produsele vandute :(",438622,"{'choices': ['staff availability - negative', 'staff competency - negative']}",22,staff availability; staff competency,staff availability; staff competency,Negative; Negative,manual,"Consilierii sunt greu de gasit in magazin si cand gasesti unul,acesta nu e la curent cu produsele vandute :("
tratamentul anti-aburire a disparut doar dupa 5 utilizari desi am avut grija de el!,439088,"{'choices': ['product - negative', 'quality - negative']}",22,product; quality,product; quality,Negative; Negative,manual,tratamentul anti-aburire a disparut doar dupa 5 utilizari desi am avut grija de el!
Culoarea produsului din fotografiile postate pe site-ul magazinului nu corespunde cu ce se vede in realitate. De ce?,438356,tech support - negative,22,tech support,tech support,Negative,manual,Culoarea produsului din fotografiile postate pe site-ul magazinului nu corespunde cu ce se vede in realitate. De ce?
"Personalul magazinului este amabil și încearcă sa ajute , însă la departamentul de biciclete este o mare dezorganizare. Parca fug fiecare încotro și foarte greu prinzi pe cineva disponibil sa te ajute cu o informație. Ultimul produs comandat în magazin a venit cu o mărime greșită (S). Când am venit sa ridic produsul și am semnalat acest aspect , mi s-a spus inițial ca nu se mai fac casti mărimea M , ca sunt doar S și L. Și ca mărimea S 53-56  de la casca corespunde cu mărimea M. După ce am insistat am reușitrimis cu greu sa plasez din nou comanda de mărimea corecta abia la 3 persoana cu care am intrat în contact.",438456,"{'choices': ['service - negative', 'shop organization - negative', 'staff availability - negative', 'staff competency - positive', 'staff competency - negative']}",22,service; shop organization; staff availability; staff competency; staff competency,service; shop organization; staff availability; staff competency,Negative; Negative; Negative; Positive; Negative,manual,"Personalul magazinului este amabil și încearcă sa ajute , însă la departamentul de biciclete este o mare dezorganizare. Parca fug fiecare încotro și foarte greu prinzi pe cineva disponibil sa te ajute cu o informație. Ultimul produs comandat în magazin a venit cu o mărime greșită (S). Când am venit sa ridic produsul și am semnalat acest aspect , mi s-a spus inițial ca nu se mai fac casti mărimea M , ca sunt doar S și L. Și ca mărimea S 53-56 de la casca corespunde cu mărimea M. După ce am insistat am reușitrimis cu greu sa plasez din nou comanda de mărimea corecta abia la 3 persoana cu care am intrat în contact."
"Dupa cum se vede si in imagine pantalonii trebuie sa stea pe pantofi facand 2 cute.Am cumparat doua perechi de culori diferite. Una rosu caramiziu si aceasta albastra de care sunteti interesati. Cea rosie este ca in poza, perfecta, pe cand cea albastra ... cu 2 cm mai scurta in lungime. Cea rosie este buna in talie, cea albastra cu 1 cm mai mare.Oare de ce din comanda data de 3 pantaloni si doua tricouri ati ales perechea proasta pentru comentariu?",438655,product - negative,22,product,product,Negative,manual,"Dupa cum se vede si in imagine pantalonii trebuie sa stea pe pantofi facand 2 cute.Am cumparat doua perechi de culori diferite. Una rosu caramiziu si aceasta albastra de care sunteti interesati. Cea rosie este ca in poza, perfecta, pe cand cea albastra ... cu 2 cm mai scurta in lungime. Cea rosie este buna in talie, cea albastra cu 1 cm mai mare.Oare de ce din comanda data de 3 pantaloni si doua tricouri ati ales perechea proasta pentru comentariu?"
"foarte practic, usor de utilizat si transportat, material foarte bun din punct de vedere calitativ",439234,"{'choices': ['product - positive', 'quality - positive']}",22,product; quality,product; quality,Positive; Positive,manual,"foarte practic, usor de utilizat si transportat, material foarte bun din punct de vedere calitativ"
"De imbunatatit:- Trebuie sa apelez de multe ori la personal pentru a afla al doilea loc de expunere a produselor. E.g. papuci sport, pantaloni sport/yoga, mingi fotbal, etc. Prefer sa fie toate in acelasi loc si nu in 2 sau mai multe locuri.  - Cabinele din proba din spate nu mai exista; cumpar multe lucruri din spate si de multe ori dupa serviciu , de la oboseala, prefer sa nu mai probez si sa nu cumpar hainele decat sa strabat tot magazinul sa ajung la cabinele de proba.Pozitiv: nu m-am simtit """"hartuita"""" niciodata de catre personal. Toata lumea e draguta daca le pui intrebari. Imi place principiul """"lasa clientii sa vina la tine"""" decat sa ii stalkuiesti tu.- Imi place faptul sa poti sa te plimbi prin magazin cu bicicleta/trotineta orice alt produs care doresti sa il cumperi. Face locul sa para dinamic si mie personal imi da incredere in a cumpara orice produs.",438805,"{'choices': ['environment - positive', 'shop organization - negative', 'staff competency - positive']}",22,environment; shop organization; staff competency,environment; shop organization; staff competency,Positive; Negative; Positive,manual,"De imbunatatit:- Trebuie sa apelez de multe ori la personal pentru a afla al doilea loc de expunere a produselor. E.g. papuci sport, pantaloni sport/yoga, mingi fotbal, etc. Prefer sa fie toate in acelasi loc si nu in 2 sau mai multe locuri. - Cabinele din proba din spate nu mai exista; cumpar multe lucruri din spate si de multe ori dupa serviciu , de la oboseala, prefer sa nu mai probez si sa nu cumpar hainele decat sa strabat tot magazinul sa ajung la cabinele de proba.Pozitiv: nu m-am simtit """"hartuita"""" niciodata de catre personal. Toata lumea e draguta daca le pui intrebari. Imi place principiul """"lasa clientii sa vina la tine"""" decat sa ii stalkuiesti tu.- Imi place faptul sa poti sa te plimbi prin magazin cu bicicleta/trotineta orice alt produs care doresti sa il cumperi. Face locul sa para dinamic si mie personal imi da incredere in a cumpara orice produs."
"Pierd mult timp cautand sa ma informez. De ex gasesc un produs (bluza cu cagula pentru schi barbati) si incerc sa caut si pentru dama....greu. Produsul l-am cumparat, e excelent, dar vreau si pt sotia mea.Ca opinie, in caz ca timpul de cumparaturi este limitat (suntem activi, avem timpul planificat), prefer sa aman pe altadata cumparatura, deoarece nu ma incadrez in timp atunci cand la rafturi marfa este amestecata( raportat la tipul de client).",438698,"{'choices': ['product - positive', 'shop organization - negative']}",22,product; shop organization,product; shop organization,Positive; Negative,manual,"Pierd mult timp cautand sa ma informez. De ex gasesc un produs (bluza cu cagula pentru schi barbati) si incerc sa caut si pentru dama....greu. Produsul l-am cumparat, e excelent, dar vreau si pt sotia mea.Ca opinie, in caz ca timpul de cumparaturi este limitat (suntem activi, avem timpul planificat), prefer sa aman pe altadata cumparatura, deoarece nu ma incadrez in timp atunci cand la rafturi marfa este amestecata( raportat la tipul de client)."
"Un magazin pe gustul meu, din toate punctele de vedere, cu privire la echipamentele sportive disponibile.",438991,product - positive,22,product,product,Positive,manual,"Un magazin pe gustul meu, din toate punctele de vedere, cu privire la echipamentele sportive disponibile."
"Am cumparat produsul in urma cu cateva luni. Totul parea ok, desi era destul de ciudat suportul de prindere (acesta se fixeaza in partea de jos, nu pe mijloc, cu un elastic din silicon solid. L-am montat pe pipa cursierei, iar atunci cand am dat intr-o groapa, partea de sus (intrucat asa cum am spus se fixeaza doar in partea de jos) s-a lovit de pipa si ecranul s-a spart in interior. Exteriorul nu prezinta niciun fel de zgarietura, prin urmare ecranul este de foarte slaba calitate, si la cea mai mica lovitura cauzata de mersul prin padure/asfalt cu gropi etc, riscati sa se fisureze.",438317,"{'choices': ['product - negative', 'quality - negative']}",22,product; quality,product; quality,Negative; Negative,manual,"Am cumparat produsul in urma cu cateva luni. Totul parea ok, desi era destul de ciudat suportul de prindere (acesta se fixeaza in partea de jos, nu pe mijloc, cu un elastic din silicon solid. L-am montat pe pipa cursierei, iar atunci cand am dat intr-o groapa, partea de sus (intrucat asa cum am spus se fixeaza doar in partea de jos) s-a lovit de pipa si ecranul s-a spart in interior. Exteriorul nu prezinta niciun fel de zgarietura, prin urmare ecranul este de foarte slaba calitate, si la cea mai mica lovitura cauzata de mersul prin padure/asfalt cu gropi etc, riscati sa se fisureze."
"Personalul de paza in loc sa pazeasca, se ia de copii de 5 ani ca se joaca cu jucariile puse la dispozitie in magazin si imi indruma copilul intr-o zona in care zicea el ca este spatiu de joaca. Parca copilul de 5 ani stia ce inseamna , pana acum nu s-a intamplat acest lucru mergand de mai multe ori in Decathlon copii jucandu-se fara restrictii.",438308,security - negative,22,security,security,Negative,manual,"Personalul de paza in loc sa pazeasca, se ia de copii de 5 ani ca se joaca cu jucariile puse la dispozitie in magazin si imi indruma copilul intr-o zona in care zicea el ca este spatiu de joaca. Parca copilul de 5 ani stia ce inseamna , pana acum nu s-a intamplat acest lucru mergand de mai multe ori in Decathlon copii jucandu-se fara restrictii."
"Cu sportivitate, marturisesc ca in acelasi magazin, inainte, am racordat mai multe rachete de tenis gratuit, cumparand racordajul de acolo. Astazi nu mai este asa ,pret montaj 15 ron, iar acelasi racordaj poate fi gasit in magazine cu mult mai ieftin, chiar la jumatate de pret... Am ramas dezamagit, voi cauta un alt loc unde sa-mi racordez rachetele...",439341,"{'choices': ['price - negative', 'service - negative']}",22,price; service,price; service,Negative; Negative,manual,"Cu sportivitate, marturisesc ca in acelasi magazin, inainte, am racordat mai multe rachete de tenis gratuit, cumparand racordajul de acolo. Astazi nu mai este asa ,pret montaj 15 ron, iar acelasi racordaj poate fi gasit in magazine cu mult mai ieftin, chiar la jumatate de pret... Am ramas dezamagit, voi cauta un alt loc unde sa-mi racordez rachetele..."
Preturile nu sunt afișate la toate produsele.p personalul de la casa îți baga mai multe produse pe bon dacă nu ești atent,438414,"{'choices': ['shop organization - negative', 'staff competency - negative']}",22,shop organization; staff competency,shop organization; staff competency,Negative; Negative,manual,Preturile nu sunt afișate la toate produsele.p personalul de la casa îți baga mai multe produse pe bon dacă nu ești atent
"Am acizitionat acest ceas in urma cu 2 saptamani ,in prima zi am fost foarte multumit de el ,s-a conectat relativ usor indica pulsul destul de rapid,l-am verificat atat in repaus cat si in efort .Au urmat cateva zile in care nu am mai conectat centura cu ceasul,cand am vrut sa o folosesc iarasi am stat mai bine de 30 min sa o conectez continuu si nu a vrut deloc ,am mai incercat si in zilele urmatoare ,am schimbat si bateria crezind ca s-a descartcat ,tot nimic. Azi voi merge sa fac retur pe acest produs nu se merita sa pierzi timpul de alergare cu el .",438332,product - negative,22,product,product,Negative,manual,"Am acizitionat acest ceas in urma cu 2 saptamani ,in prima zi am fost foarte multumit de el ,s-a conectat relativ usor indica pulsul destul de rapid,l-am verificat atat in repaus cat si in efort .Au urmat cateva zile in care nu am mai conectat centura cu ceasul,cand am vrut sa o folosesc iarasi am stat mai bine de 30 min sa o conectez continuu si nu a vrut deloc ,am mai incercat si in zilele urmatoare ,am schimbat si bateria crezind ca s-a descartcat ,tot nimic. Azi voi merge sa fac retur pe acest produs nu se merita sa pierzi timpul de alergare cu el ."
"Unul din angajatii de pe raionul biciclete foarte nepoliticos si grabit sa iasa din tura,Neprofesionist.Nu poate da relatii la unele produse pentru ca nu stie ce fac.Am cumparat o bicicleta reglata foarte prost si in graba de el pentru ca se apropia ora de iesit din tura desi mai avea vreo 20 minute.In tot acest timp injura printre dinti un alt client care renuntase la un produs,probabil datorita atitudinii lui.O sa-l ocolessc in magazin Imi pare rau ca nu-i stiu numele.In rest totul ok.Restul angajatilor au fost ok.",439102,"{'choices': ['staff competency - negative', 'staff competency - positive', 'service - negative']}",22,staff competency; staff competency; service,staff competency; service,Negative; Positive; Negative,manual,"Unul din angajatii de pe raionul biciclete foarte nepoliticos si grabit sa iasa din tura,Neprofesionist.Nu poate da relatii la unele produse pentru ca nu stie ce fac.Am cumparat o bicicleta reglata foarte prost si in graba de el pentru ca se apropia ora de iesit din tura desi mai avea vreo 20 minute.In tot acest timp injura printre dinti un alt client care renuntase la un produs,probabil datorita atitudinii lui.O sa-l ocolessc in magazin Imi pare rau ca nu-i stiu numele.In rest totul ok.Restul angajatilor au fost ok."
La data la care am facut cardul de  fidelitate-cumparaturi si nici pe parcursul anilor nu am fost informat despre necesitatea achizitionarii unui produs la interval de  cate  6 luni.Din aceasta cauza am pierdut  reducerea de  fidelitate  la punctaj.....Pacat.Din aceasta cauza am scazut satisfactia globala.,438572,staff competency - negative,22,staff competency,staff competency,Negative,manual,La data la care am facut cardul de fidelitate-cumparaturi si nici pe parcursul anilor nu am fost informat despre necesitatea achizitionarii unui produs la interval de cate 6 luni.Din aceasta cauza am pierdut reducerea de fidelitate la punctaj.....Pacat.Din aceasta cauza am scazut satisfactia globala.
Unele produsele afisate pe site-ul decathlon.ro nu pot fi regasite in Decathlon Timisoara!!!,438701,shop organization - negative,22,shop organization,shop organization,Negative,manual,Unele produsele afisate pe site-ul decathlon.ro nu pot fi regasite in Decathlon Timisoara!!!
"standurile sa ramana ,permanent sau cel putin o perioada de cel putin 6 luni, cu marfurile aceluiasi sezon; se schimba prea des si trebuie tot timpul sa apelam la angajati pentru a rezolva problema mai repede.",438848,shop organization - negative,22,shop organization,shop organization,Negative,manual,"standurile sa ramana ,permanent sau cel putin o perioada de cel putin 6 luni, cu marfurile aceluiasi sezon; se schimba prea des si trebuie tot timpul sa apelam la angajati pentru a rezolva problema mai repede."
"Sunt usori, copilul se simte bine in ei singurul minus faptul ca baretele sunt mult prea mici si se inchid pe o portiune mica de scai.",439165,"{'choices': ['product - positive', 'product - negative']}",22,product; product,product,Positive; Negative,manual,"Sunt usori, copilul se simte bine in ei singurul minus faptul ca baretele sunt mult prea mici si se inchid pe o portiune mica de scai."
Totul este perfect personalul este foarte amabil si comunicativ articolele de nota zece nu s-a intamplat niciodata sa intru in decathlon si sa nu ies macar cu un articol cumparat. e perfect.,438948,"{'choices': ['product - positive', 'staff competency - positive']}",22,product; staff competency,product; staff competency,Positive; Positive,manual,Totul este perfect personalul este foarte amabil si comunicativ articolele de nota zece nu s-a intamplat niciodata sa intru in decathlon si sa nu ies macar cu un articol cumparat. e perfect.
"Am fost extrem de dezamagit de faptul ca la raionul Tir cu arcul, in afara faptului ca nu exista produsele de pe site in stoc, am fost foarte aproape de a fi accidentat de un copil care """"testa"""" nesupravegheat un arc. Din fericire, sageata a trecut destul de departe de copilul de 1 an pe care il tineam in brate. Imediat am plecat de la raion si in drum spre casa am rugat un angajat sa ia masuri pentru indreptarea situatiei. Nu am stat sa verific daca s-a si intamplat ceva.Asa ca recomand sa nu intoarceti spatele unui copil """"inarmat""""...Ca aspecte pozitive, coarda de 68'' este deja data cu ceara, capetele si centrul corzii sunt matisate , reperele de canelura par de calitate (inca nu le-am montat).",438281,"{'choices': ['environment - negative', 'product - positive', 'quality - positive', 'shop diversity - negative', 'shop organization - negative']}",22,environment; product; quality; shop diversity; shop organization,environment; product; quality; shop diversity; shop organization,Negative; Positive; Positive; Negative; Negative,manual,"Am fost extrem de dezamagit de faptul ca la raionul Tir cu arcul, in afara faptului ca nu exista produsele de pe site in stoc, am fost foarte aproape de a fi accidentat de un copil care """"testa"""" nesupravegheat un arc. Din fericire, sageata a trecut destul de departe de copilul de 1 an pe care il tineam in brate. Imediat am plecat de la raion si in drum spre casa am rugat un angajat sa ia masuri pentru indreptarea situatiei. Nu am stat sa verific daca s-a si intamplat ceva.Asa ca recomand sa nu intoarceti spatele unui copil """"inarmat""""...Ca aspecte pozitive, coarda de 68'' este deja data cu ceara, capetele si centrul corzii sunt matisate , reperele de canelura par de calitate (inca nu le-am montat)."
Este foarte greu sa pleci cu cosul de cumparaturi plin in conditiile in carr marimile cautate sunt mereu indisponibile.,438893,shop diversity - negative,22,shop diversity,shop diversity,Negative,manual,Este foarte greu sa pleci cu cosul de cumparaturi plin in conditiile in carr marimile cautate sunt mereu indisponibile.
Ar trebui o gama mai variată de produse la categoria întreținerii bicicletelor,439170,shop diversity - negative,22,shop diversity,shop diversity,Negative,manual,Ar trebui o gama mai variată de produse la categoria întreținerii bicicletelor
"De multe ori se lungeste timpul de asteptare la casele de plata. Nu exista in magazin puncte de verificare a pretului, trebuie mereu sa cauti un angajat. Pana il gasesti disponibil, pana merge la un calculator, pana introduce codul produsului .... Te lipsesti. In rest, toate bune.",439358,"{'choices': ['service - negative', 'shop organization - negative', 'staff availability - negative', 'staff competency - negative']}",22,service; shop organization; staff availability; staff competency,service; shop organization; staff availability; staff competency,Negative; Negative; Negative; Negative,manual,"De multe ori se lungeste timpul de asteptare la casele de plata. Nu exista in magazin puncte de verificare a pretului, trebuie mereu sa cauti un angajat. Pana il gasesti disponibil, pana merge la un calculator, pana introduce codul produsului .... Te lipsesti. In rest, toate bune."
"O folosesc la ciclism si alte activitati outdoor ca si al 2-lea strat. Izoleaza termic foarte bine, permite transpiratiei sa se evapore si nu o mentine in bluza. Fiind verde reflectorizanta iti creste vizibilitatea ceea ce ajuta pe bicicleta in oras si, daca intereseaza pe cineva, rezista extrem de bine la abraziunea cu asfaltul, scapi nezgariat. :)",438974,product - positive,22,product,product,Positive,manual,"O folosesc la ciclism si alte activitati outdoor ca si al 2-lea strat. Izoleaza termic foarte bine, permite transpiratiei sa se evapore si nu o mentine in bluza. Fiind verde reflectorizanta iti creste vizibilitatea ceea ce ajuta pe bicicleta in oras si, daca intereseaza pe cineva, rezista extrem de bine la abraziunea cu asfaltul, scapi nezgariat. :)"
"Personal care sa se ocupe de copii, sa nu devina haotici",439258,staff competency - negative,22,staff competency,staff competency,Negative,manual,"Personal care sa se ocupe de copii, sa nu devina haotici"
Scrieti adevarul in primul rand si lasati pe altii sa vanda gogosi!!,439324,misc - neutral,22,misc,misc,Neutral,manual,Scrieti adevarul in primul rand si lasati pe altii sa vanda gogosi!!
La 2 din 6 produse nu a corespuns prețul de la raft... Unul a fost reglat în sila celalalt returnat fără explicații.,439329,"{'choices': ['shop organization - negative', 'service - negative']}",22,shop organization; service,shop organization; service,Negative; Negative,manual,La 2 din 6 produse nu a corespuns prețul de la raft... Unul a fost reglat în sila celalalt returnat fără explicații.
Se pierde fiarte mult timp pentru probarea hanelor la cabinele de proba.Mutarea cabinelor de proba in zona cu imbracaminte a fost o decizie foarte buna,438612,shop organization - positive,22,shop organization,shop organization,Positive,manual,Se pierde fiarte mult timp pentru probarea hanelor la cabinele de proba.Mutarea cabinelor de proba in zona cu imbracaminte a fost o decizie foarte buna
"Am rezervat in magazinul Decathlon Pallady comanda cu rucsacul acesta. Era asezat in punga si am mers direct la casa pentru a-l achita. Acasa l-am studiat si crezand ca husa de ploaie este in interior intr-un buzunar inchis cu fermoar, ca la majoritatea rucsacilor, dar lipsea. Am crezut apoi ca se cumpara seaparat, dar din review-uri reiese ca se da impreuna cu rucsacul.Greseala apartine in primul rand personalului Decathlon Pallady ca nu a onorat comanda corect si mie ca nu am verificat toate detaliile in magazin (poate mi-as fi dat seama).",438336,staff competency - negative,22,staff competency,staff competency,Negative,manual,"Am rezervat in magazinul Decathlon Pallady comanda cu rucsacul acesta. Era asezat in punga si am mers direct la casa pentru a-l achita. Acasa l-am studiat si crezand ca husa de ploaie este in interior intr-un buzunar inchis cu fermoar, ca la majoritatea rucsacilor, dar lipsea. Am crezut apoi ca se cumpara seaparat, dar din review-uri reiese ca se da impreuna cu rucsacul.Greseala apartine in primul rand personalului Decathlon Pallady ca nu a onorat comanda corect si mie ca nu am verificat toate detaliile in magazin (poate mi-as fi dat seama)."
"Am achiziționat și eu acum un an aceași  jachetă dar altă culoare și dupa o perioadă au început să iasă penele, întrebarea pe care vreau să o pun este: este normal să iasă penele din ea?",438570,"{'choices': ['product - negative', 'quality - negative']}",22,product; quality,product; quality,Negative; Negative,manual,"Am achiziționat și eu acum un an aceași jachetă dar altă culoare și dupa o perioadă au început să iasă penele, întrebarea pe care vreau să o pun este: este normal să iasă penele din ea?"
"Am avut o experienta neplacuta cu angajata care era la Trocathlon, o fata tanara, chinuita de o suferinta fizica, care nu era ajutata de colegi si generase o coada de asteptare de 45 minute. La ora 18.10, erau patru persoane care asteptat sa fie servite, iar la 19.00 am renuntat pentru ca lipsea o anexa si se blocase procesul de acceptare produse sportive la Trocathlon.",438515,"{'choices': ['service - negative', 'staff competency - negative']}",22,service; staff competency,service; staff competency,Negative; Negative,manual,"Am avut o experienta neplacuta cu angajata care era la Trocathlon, o fata tanara, chinuita de o suferinta fizica, care nu era ajutata de colegi si generase o coada de asteptare de 45 minute. La ora 18.10, erau patru persoane care asteptat sa fie servite, iar la 19.00 am renuntat pentru ca lipsea o anexa si se blocase procesul de acceptare produse sportive la Trocathlon."
Am comandat niste costume de neopren si nu am primit nimic in aprox 3 saptamani...asta da promptitudine...,438341,delivery - negative,22,delivery,delivery,Negative,manual,Am comandat niste costume de neopren si nu am primit nimic in aprox 3 saptamani...asta da promptitudine...
In magazinul de pe bulevardul theodor palady este o Mare dezorganizare la raioanele de incaltaminte in sensul ca sunt puse la distanta mare unul fata de celalalt fapt care te induce in eroare cand cauti un model,438632,shop organization - negative,22,shop organization,shop organization,Negative,manual,In magazinul de pe bulevardul theodor palady este o Mare dezorganizare la raioanele de incaltaminte in sensul ca sunt puse la distanta mare unul fata de celalalt fapt care te induce in eroare cand cauti un model
"Am comandat un cort si l-am primit folosit, rupt si cu piese lipsa. L-am trimis inapoi conform procedurii de returnare si nu mi-am primit banii inapoi nici acum. Mai astept 2-3 zile dupa care am sa merg la protectia consumatorului.",439098,"{'choices': ['product - negative', 'return warranty - negative']}",22,product; return warranty,product; return warranty,Negative; Negative,manual,"Am comandat un cort si l-am primit folosit, rupt si cu piese lipsa. L-am trimis inapoi conform procedurii de returnare si nu mi-am primit banii inapoi nici acum. Mai astept 2-3 zile dupa care am sa merg la protectia consumatorului."
"Ecranu se zgarie foarte usor ,cureaua este foarte comodă recomand pt înot atat în piscine cât si în ape curgătoare ,daca ar fi avut si lumină era ok cât despre bătăile inimi este precis",438710,"{'choices': ['product - positive', 'product - negative']}",22,product; product,product,Positive; Negative,manual,"Ecranu se zgarie foarte usor ,cureaua este foarte comodă recomand pt înot atat în piscine cât si în ape curgătoare ,daca ar fi avut si lumină era ok cât despre bătăile inimi este precis"
"Foarte dezamăgiți de acest produs...se rulează...se strâng și efectiv te """"taie"""" atunci când vrei să lucrezi cu ele",438378,product - negative,22,product,product,Negative,manual,"Foarte dezamăgiți de acest produs...se rulează...se strâng și efectiv te """"taie"""" atunci când vrei să lucrezi cu ele"
"Am cumparat aceste gantere, dar systems de prindere cu cleme e foarte enervant. a doua zi Le-am dus inapoi si am cumparat kit-ul cu doua gantere pe filet.  daca vrei gantere luati cu filet.",438446,"{'choices': ['product - positive', 'product - negative']}",22,product; product,product,Positive; Negative,manual,"Am cumparat aceste gantere, dar systems de prindere cu cleme e foarte enervant. a doua zi Le-am dus inapoi si am cumparat kit-ul cu doua gantere pe filet. daca vrei gantere luati cu filet."
"Excelent pentru orice activitate in aer liber in conditii de ploaie si vant nu numai pentru navigatie ( pescuit, plimbare etc)",438823,product - positive,22,product,product,Positive,manual,"Excelent pentru orice activitate in aer liber in conditii de ploaie si vant nu numai pentru navigatie ( pescuit, plimbare etc)"
"Ambalajul produsului cumparat a fost rupt si nu mi-a putut fi inlocuit, desi, doream sa ofer cadou produsul. Singurul remediu a fost sa fie lipit cu banda scotch, ceea ce, nu a fost prea placutdpdv al aspectului cadoului.",438640,"{'choices': ['product - negative', 'service - negative']}",22,product; service,product; service,Negative; Negative,manual,"Ambalajul produsului cumparat a fost rupt si nu mi-a putut fi inlocuit, desi, doream sa ofer cadou produsul. Singurul remediu a fost sa fie lipit cu banda scotch, ceea ce, nu a fost prea placutdpdv al aspectului cadoului."
Placut impresionat datorita personalului.Se pot prezenta la raft produse mai diversificate (ca producator).Poate se face ceva si cu hotii din magazin. Noua ni s-a furat hanoracul baiatului in timp ce proba unele din produsele expuse.,439380,"{'choices': ['staff competency - positive', 'shop diversity - negative', 'security - negative']}",22,staff competency; shop diversity; security,staff competency; shop diversity; security,Positive; Negative; Negative,manual,Placut impresionat datorita personalului.Se pot prezenta la raft produse mai diversificate (ca producator).Poate se face ceva si cu hotii din magazin. Noua ni s-a furat hanoracul baiatului in timp ce proba unele din produsele expuse.
la sectorul articole pescuit nu prea sant reduceri...in rest totul e ok..,438808,promotions - negative,22,promotions,promotions,Negative,manual,la sectorul articole pescuit nu prea sant reduceri...in rest totul e ok..
"vreau sa fac referire la raionul cu incaltaminte de iarna pentru barbati . baietii nu prea m-au ajutat doar cu 2-3 chestii minore care le-am observat si singur , asta facand comparatie cu alti angajati ai dvs .",438892,"{'choices': ['staff competency - positive', 'staff competency - negative']}",22,staff competency; staff competency,staff competency,Positive; Negative,manual,"vreau sa fac referire la raionul cu incaltaminte de iarna pentru barbati . baietii nu prea m-au ajutat doar cu 2-3 chestii minore care le-am observat si singur , asta facand comparatie cu alti angajati ai dvs ."
"Absoarbe repede apa, călduros, se usucă repede, și foarte comod de luat după tine",438952,product - positive,22,product,product,Positive,manual,"Absoarbe repede apa, călduros, se usucă repede, și foarte comod de luat după tine"
"Am cumpărat un tricou care nu avea eticheta..nu îl găsea in sistem..după care a încasat 39,99 lei in loc de 29,99 lei. A trebuit sa rezolv cu un alt vânzător sa mi se returneze cei 10 lei înapoi.",438586,"{'choices': ['shop organization - negative', 'staff competency - negative']}",22,shop organization; staff competency,shop organization; staff competency,Negative; Negative,manual,"Am cumpărat un tricou care nu avea eticheta..nu îl găsea in sistem..după care a încasat 39,99 lei in loc de 29,99 lei. A trebuit sa rezolv cu un alt vânzător sa mi se returneze cei 10 lei înapoi."
"Mi-a plăcut mult vizita în magazin, am cumpărat mai multe produse și mi-ar fi plăcut să fie și mai multe promoții și astfel sigur aș mai fi cumpărat ceva. Per total, totul a fost bine și personalul foarte prietenos! și mă bucură să vorbesc cu personal care chiar practică sporturi! așa mă consult mai bine legat de ceea ce cumpăr :)",439251,"{'choices': ['promotions - negative', 'staff competency - positive']}",22,promotions; staff competency,promotions; staff competency,Negative; Positive,manual,"Mi-a plăcut mult vizita în magazin, am cumpărat mai multe produse și mi-ar fi plăcut să fie și mai multe promoții și astfel sigur aș mai fi cumpărat ceva. Per total, totul a fost bine și personalul foarte prietenos! și mă bucură să vorbesc cu personal care chiar practică sporturi! așa mă consult mai bine legat de ceea ce cumpăr :)"
am cumparat cabluri pentru frana + leviere pt frana si nemultumirea mea este ca nu s-a incercat la fata locului sa se vada daca se potrivesc capetele + ca a venit foarte foarte tarziu,438553,"{'choices': ['delivery - negative', 'staff competency - negative']}",22,delivery; staff competency,delivery; staff competency,Negative; Negative,manual,am cumparat cabluri pentru frana + leviere pt frana si nemultumirea mea este ca nu s-a incercat la fata locului sa se vada daca se potrivesc capetele + ca a venit foarte foarte tarziu
"Fetita mea este la a treia pereche din acelasi model (ptr ca I-a crescut piciorul).Sunt extrem de practici, copilul se simte foarte bine cu ei.Talpa alba se murdareste destul de repede si nu prea se mai curata, dar fiind vorba de un copil care intra cu piciorul in toate mizeriile posibile nici nu am pretentii sa pastreze pantofii imaculati pana ii raman mici.",439260,"{'choices': ['product - positive', 'product - negative']}",22,product; product,product,Positive; Negative,manual,"Fetita mea este la a treia pereche din acelasi model (ptr ca I-a crescut piciorul).Sunt extrem de practici, copilul se simte foarte bine cu ei.Talpa alba se murdareste destul de repede si nu prea se mai curata, dar fiind vorba de un copil care intra cu piciorul in toate mizeriile posibile nici nu am pretentii sa pastreze pantofii imaculati pana ii raman mici."
"In magazinul din Sibiu, ar fi ok daca s-ar putea face programari pentru atelierul de biciclete (schimbat piese, revizie biciclete, etc). De multe ori sunt aglomerate si necesita programari pe alte zile (nu pe loc). In rest, toate bune, sunt satisfacut de calitatea produselor si serviciilor decathlon, in special de amabilitatea angajatilor.",439266,"{'choices': ['service - negative', 'service - positive', 'quality - positive', 'staff competency - positive']}",22,service; service; quality; staff competency,service; quality; staff competency,Negative; Positive; Positive; Positive,manual,"In magazinul din Sibiu, ar fi ok daca s-ar putea face programari pentru atelierul de biciclete (schimbat piese, revizie biciclete, etc). De multe ori sunt aglomerate si necesita programari pe alte zile (nu pe loc). In rest, toate bune, sunt satisfacut de calitatea produselor si serviciilor decathlon, in special de amabilitatea angajatilor."
transpira picioarele in zona degetelor dupa maxim 2 ore  de stat incaltat in oras si apoi stai ud la picioare toata ziua.,438344,product - negative,22,product,product,Negative,manual,transpira picioarele in zona degetelor dupa maxim 2 ore de stat incaltat in oras si apoi stai ud la picioare toata ziua.
Magazin ff bun dar faptul ca toată lumea se plimba cu bicicleta acolo și dă peste tine este dezamăgitor.,439074,environment - negative,22,environment,environment,Negative,manual,Magazin ff bun dar faptul ca toată lumea se plimba cu bicicleta acolo și dă peste tine este dezamăgitor.
"Se intampla des ca pe factura sa apara si alte produse in afara celor cumparate...se profita mult de neatentia clientului(mai ales daca e insotit de un copil)...acasa,in liniste,cand iei factura si sacosa cu produsele,nu coincid...nu a fost pentru prima oara...",438345,staff competency - negative,22,staff competency,staff competency,Negative,manual,"Se intampla des ca pe factura sa apara si alte produse in afara celor cumparate...se profita mult de neatentia clientului(mai ales daca e insotit de un copil)...acasa,in liniste,cand iei factura si sacosa cu produsele,nu coincid...nu a fost pentru prima oara..."
Vom vedea cum se comporta la iarna. Deoarece în aceasta perioada port tricouri sau cămăși.,439213,misc - neutral,22,misc,misc,Neutral,manual,Vom vedea cum se comporta la iarna. Deoarece în aceasta perioada port tricouri sau cămăși.
"They take water. This is simply not acceptable for rubber boots.In second place, the loop attached to the inner sock broke after being used two times only.",438290,misc - neutral,22,misc,misc,Neutral,manual,"They take water. This is simply not acceptable for rubber boots.In second place, the loop attached to the inner sock broke after being used two times only."
Am intrebat dacă șapca de pescuit se află pe stoc și mi s-a răspuns că nu toate produsele de pe site se află in magazin. Nu mi se pare normal   ca cineva să vadă pe site că produsul este in magazin iar el să nu fie.puține cabine pt probe.,438639,shop organization - negative,22,shop organization,shop organization,Negative,manual,Am intrebat dacă șapca de pescuit se află pe stoc și mi s-a răspuns că nu toate produsele de pe site se află in magazin. Nu mi se pare normal ca cineva să vadă pe site că produsul este in magazin iar el să nu fie.puține cabine pt probe.
Un produs bun si eficient. Atentie la dopul capacului....... nu etanseizeaza suficient de bine existand pericolul ca la inclinarea sticlutei sa curga pe langa capacel din ulei.,438830,"{'choices': ['product - positive', 'product - negative']}",22,product; product,product,Positive; Negative,manual,Un produs bun si eficient. Atentie la dopul capacului....... nu etanseizeaza suficient de bine existand pericolul ca la inclinarea sticlutei sa curga pe langa capacel din ulei.
"Ne-am dori diversificarea produselor de tir cu arcul, 0si cele destinate copiilor, in special cele pentru drumetii",438984,shop diversity - negative,22,shop diversity,shop diversity,Negative,manual,"Ne-am dori diversificarea produselor de tir cu arcul, 0si cele destinate copiilor, in special cele pentru drumetii"
Livrarea s-a facut dupa 11 zile!!!!!!!!!!!!!!! Foarte greu se fac livrarile!,438611,delivery - negative,22,delivery,delivery,Negative,manual,Livrarea s-a facut dupa 11 zile!!!!!!!!!!!!!!! Foarte greu se fac livrarile!
"Vroiam sa mi se schimbe firele rupte de la racheta, insa am fost instiintata de faptul ca la Oradea nu exista astfel de serviciu din partea Decathlon, doar la Cluj...",439286,service - negative,22,service,service,Negative,manual,"Vroiam sa mi se schimbe firele rupte de la racheta, insa am fost instiintata de faptul ca la Oradea nu exista astfel de serviciu din partea Decathlon, doar la Cluj..."
"Nu am primit nici pana azi 02.01.2018 produsele comandate in 18.12.2017. Cu (fara prea multa) stima,L. F.",439122,delivery - negative,22,delivery,delivery,Negative,manual,"Nu am primit nici pana azi 02.01.2018 produsele comandate in 18.12.2017. Cu (fara prea multa) stima,L. F."
Sistem informatic nefunctional ce a facut sa nu-mi pot valorifica bonusurile primite,438462,service - negative,22,service,service,Negative,manual,Sistem informatic nefunctional ce a facut sa nu-mi pot valorifica bonusurile primite
"Timp de cel putin o luna nu a fost refacut stocul la incaltamintea de iarna cu cea mai mare vanzare, in plin sezon, rafturile fiind goale si singurele marimi disponibile erau 47 (3-4 perechi).",439153,shop diversity - negative,22,shop diversity,shop diversity,Negative,manual,"Timp de cel putin o luna nu a fost refacut stocul la incaltamintea de iarna cu cea mai mare vanzare, in plin sezon, rafturile fiind goale si singurele marimi disponibile erau 47 (3-4 perechi)."
"Cam mult a durat pana mi-a ajuns comanda => aprox. 2 saptamaniOricum partea buna este ca nu mi s-a zis cand va ajunge, deci v-ati tinut de cuvant la partea asta ... :)",438785,delivery - negative,22,delivery,delivery,Negative,manual,"Cam mult a durat pana mi-a ajuns comanda => aprox. 2 saptamaniOricum partea buna este ca nu mi s-a zis cand va ajunge, deci v-ati tinut de cuvant la partea asta ... :)"
"Îmi place să fac cumpărături la Decathlon,produsele sunt de calitate,dar ar fi bine să fie o gama mai larga .Atmosfera în magazin e excelenta,personalul serviabil.",439000,"{'choices': ['environment - positive', 'quality - positive', 'shop diversity - negative', 'staff competency - positive']}",22,environment; quality; shop diversity; staff competency,environment; quality; shop diversity; staff competency,Positive; Positive; Negative; Positive,manual,"Îmi place să fac cumpărături la Decathlon,produsele sunt de calitate,dar ar fi bine să fie o gama mai larga .Atmosfera în magazin e excelenta,personalul serviabil."
"Am cumparat acest MTB in decembrie ,sunt cat de cat multumit de el ,l-am cumparat cu gandul de ai face un upgrade,ca sa nu dau 1600 lei pe una noua. I-am schimbat rotile cu jenti duble, franele,am pus altele si foile am pus de aluminiu(toate le aveam pe bicicleta veche,deci nu m-a costat nimic). Furca face un zgomot la ridicare brusca dar nu e asa deranjant,cadrul este ok,culoarea placuta,pacat ca este greu de curatat ,dar i-am dat mai multe straturi de lac deja si totul e ok.Pt cei care vroiau frana pe disc furca asta are suport de prindere din pacate doar in fata ,dar e ok pt cei ce vor frana pe disc,in principiu bicicleta merita banii pt cei care vor o plimbare si scurte escapade prin padure,merge facut un upgrade la ea si tot iesi in avantaj ,parerea mea. Garantia probabil ca e pierduta tinand cont ca am umblat la ea,dar nu e problema :) Schimbatoarele schimba usor,bine si precis ,daca sunt reglate,chiar si jentile alea simple daca sunt centrate bine tin destul de bine,dar in mare parte lumea care cumpara nu prea se pricep la detalii si ajung cu ea la service dupa o luna,poate. In mare parte sunt multumit de bicicleta.",438861,"{'choices': ['product - positive', 'product - negative']}",22,product; product,product,Positive; Negative,manual,"Am cumparat acest MTB in decembrie ,sunt cat de cat multumit de el ,l-am cumparat cu gandul de ai face un upgrade,ca sa nu dau 1600 lei pe una noua. I-am schimbat rotile cu jenti duble, franele,am pus altele si foile am pus de aluminiu(toate le aveam pe bicicleta veche,deci nu m-a costat nimic). Furca face un zgomot la ridicare brusca dar nu e asa deranjant,cadrul este ok,culoarea placuta,pacat ca este greu de curatat ,dar i-am dat mai multe straturi de lac deja si totul e ok.Pt cei care vroiau frana pe disc furca asta are suport de prindere din pacate doar in fata ,dar e ok pt cei ce vor frana pe disc,in principiu bicicleta merita banii pt cei care vor o plimbare si scurte escapade prin padure,merge facut un upgrade la ea si tot iesi in avantaj ,parerea mea. Garantia probabil ca e pierduta tinand cont ca am umblat la ea,dar nu e problema :) Schimbatoarele schimba usor,bine si precis ,daca sunt reglate,chiar si jentile alea simple daca sunt centrate bine tin destul de bine,dar in mare parte lumea care cumpara nu prea se pricep la detalii si ajung cu ea la service dupa o luna,poate. In mare parte sunt multumit de bicicleta."
Erați printre putinele magazine in care găseam produse de calitate ce aveau mărimi mari. Îmi pare rău ca nu le mai găsesc.,438659,"{'choices': ['quality - positive', 'shop diversity - negative']}",22,quality; shop diversity,quality; shop diversity,Positive; Negative,manual,Erați printre putinele magazine in care găseam produse de calitate ce aveau mărimi mari. Îmi pare rău ca nu le mai găsesc.
Poate in oferta viitoare introduceti si mai multe grosimi ale neoprenului 3 5 mm,438605,shop diversity - negative,22,shop diversity,shop diversity,Negative,manual,Poate in oferta viitoare introduceti si mai multe grosimi ale neoprenului 3 5 mm
"As dori sa semnalez faptul ca lipsesc articole foarte cautate, specifice sezonului- ex sandale",439275,shop diversity - negative,22,shop diversity,shop diversity,Negative,manual,"As dori sa semnalez faptul ca lipsesc articole foarte cautate, specifice sezonului- ex sandale"
Timpul de livrare chiar mai scurt decât cel anunțat pe site.  Probleme au fost la plasarea comenzii deoarece site-ul a funcționat cam greu.,439236,"{'choices': ['delivery - positive', 'tech support - negative']}",22,delivery; tech support,delivery; tech support,Positive; Negative,manual,Timpul de livrare chiar mai scurt decât cel anunțat pe site. Probleme au fost la plasarea comenzii deoarece site-ul a funcționat cam greu.
La deschiderea lantuluid de magazine preturile erau mai bune ca ale altro concurenti. Intre timp nu se mai intampla asa,438860,price - negative,22,price,price,Negative,manual,La deschiderea lantuluid de magazine preturile erau mai bune ca ale altro concurenti. Intre timp nu se mai intampla asa
Produsele au fost foarte calitative si livrarea surprinzator de rapida.,439061,"{'choices': ['delivery - positive', 'quality - positive']}",22,delivery; quality,delivery; quality,Positive; Positive,manual,Produsele au fost foarte calitative si livrarea surprinzator de rapida.
"Am achizitionat ghetele si am iesit la o tura de iarna in Munti Parang. Tura de o zi cu obiectivul vf Parangul Mic,  vf  Carja si retur. Echipat cu coltari si printr-o zapada de 10 - 30 cm  poate chiar si 40, am fost surprins placut vazand ca piciorul meu dupa 8 ore de mers nu era ud sau transpirat. Calitate pret sunt super.",439015,"{'choices': ['price - positive', 'product - positive', 'quality - positive']}",22,price; product; quality,price; product; quality,Positive; Positive; Positive,manual,"Am achizitionat ghetele si am iesit la o tura de iarna in Munti Parang. Tura de o zi cu obiectivul vf Parangul Mic, vf Carja si retur. Echipat cu coltari si printr-o zapada de 10 - 30 cm poate chiar si 40, am fost surprins placut vazand ca piciorul meu dupa 8 ore de mers nu era ud sau transpirat. Calitate pret sunt super."
"In primul rand nu suport sa ma deranjeze copiii, oamenii care se plimba pe culoare cu biciclete, trotinete etc. ,si deranjeaza oamenii care vin sa cumpere sau sa se uite.Produsele nu sunt grupate bine, caut geci si trebuie sa traversez nspemii de culoare pana dau de toate modelele, caut bovanci si nu gasesc decat adidasi si exemplete pot continua.",439123,"{'choices': ['environment - negative', 'shop organization - negative']}",22,environment; shop organization,environment; shop organization,Negative; Negative,manual,"In primul rand nu suport sa ma deranjeze copiii, oamenii care se plimba pe culoare cu biciclete, trotinete etc. ,si deranjeaza oamenii care vin sa cumpere sau sa se uite.Produsele nu sunt grupate bine, caut geci si trebuie sa traversez nspemii de culoare pana dau de toate modelele, caut bovanci si nu gasesc decat adidasi si exemplete pot continua."
Recomande in sistem in care factura sa Se emita la casa unde se plateste sau un punct de facturare separat de casa pentru restituire produse.,438574,misc - neutral,22,misc,misc,Neutral,manual,Recomande in sistem in care factura sa Se emita la casa unde se plateste sau un punct de facturare separat de casa pentru restituire produse.
"daca va opriti din mutat articolele poate, POATE o sa fie BINE",438576,shop organization - negative,22,shop organization,shop organization,Negative,manual,"daca va opriti din mutat articolele poate, POATE o sa fie BINE"
Am fost total dezamagit sa constat ca pe raft era un pret la bluza de trening pe care am achiziționat-o si la casa am plătit alt pret ( cu 4.5RON mai mare),438280,shop organization - negative,22,shop organization,shop organization,Negative,manual,Am fost total dezamagit sa constat ca pe raft era un pret la bluza de trening pe care am achiziționat-o si la casa am plătit alt pret ( cu 4.5RON mai mare)
"Nu este prima oară când suntem încărcați la factură. Si acum ni s-a întâmplat la fel. Ni s-au furat niște banii și nu am avut acces la filmare, iar personalul a fost dezinteresat.",438284,"{'choices': ['security - negative', 'staff competency - negative']}",22,security; staff competency,security; staff competency,Negative; Negative,manual,"Nu este prima oară când suntem încărcați la factură. Si acum ni s-a întâmplat la fel. Ni s-au furat niște banii și nu am avut acces la filmare, iar personalul a fost dezinteresat."
M-am simțit bine. Temperatura potrivită. Lichide pentru hidratare. Personalul amabil.,439314,"{'choices': ['environment - positive', 'staff competency - positive']}",22,environment; staff competency,environment; staff competency,Positive; Positive,manual,M-am simțit bine. Temperatura potrivită. Lichide pentru hidratare. Personalul amabil.
"Am avut nevoie de interventia service (înlocuire camera) la bicicleta tip semicursieră.Am vizitat magazinul la 24 h de la predarea rotii. Colegul de la service era in afara programului. Colegii celor de la service au constatat că interventia nu a fost facuta. Termenul mentionat de solutionare nu a fost respectat Colegii celor de la service au replicat sec : termenul maxim de rezolvare - 14 zile ( inclusiv pentru inlocuirea unei camere!!!) Care ar fi reactia dvs la un astfel de termen? După ora 12(ora de inceput program service),responsabilul servce s-a prezentat, a abordat (comunicational) exemplar situatia, rezolvand pe loc interventia ( 10 min) . Si-a cerut scuze in numele personalului. Face cinste brandului dvs.Felicitari!",438624,"{'choices': ['staff competency - positive', 'staff competency - negative']}",22,staff competency; staff competency,staff competency,Positive; Negative,manual,"Am avut nevoie de interventia service (înlocuire camera) la bicicleta tip semicursieră.Am vizitat magazinul la 24 h de la predarea rotii. Colegul de la service era in afara programului. Colegii celor de la service au constatat că interventia nu a fost facuta. Termenul mentionat de solutionare nu a fost respectat Colegii celor de la service au replicat sec : termenul maxim de rezolvare - 14 zile ( inclusiv pentru inlocuirea unei camere!!!) Care ar fi reactia dvs la un astfel de termen? După ora 12(ora de inceput program service),responsabilul servce s-a prezentat, a abordat (comunicational) exemplar situatia, rezolvand pe loc interventia ( 10 min) . Si-a cerut scuze in numele personalului. Face cinste brandului dvs.Felicitari!"
L-am purtat pe munte si a fost destul de calduros.,439279,product - positive,22,product,product,Positive,manual,L-am purtat pe munte si a fost destul de calduros.
"Cautam încălțăminte pentru copii dar nu am gasit mărimea potrivita, lipsa stoc",438525,shop diversity - negative,22,shop diversity,shop diversity,Negative,manual,"Cautam încălțăminte pentru copii dar nu am gasit mărimea potrivita, lipsa stoc"
In magazin lipsesc intotdeauna toate marimile pentru cele mai cautate sortimente si mai ales atunci cand sunt cu reduceri de pret.,438629,shop diversity - negative,22,shop diversity,shop diversity,Negative,manual,In magazin lipsesc intotdeauna toate marimile pentru cele mai cautate sortimente si mai ales atunci cand sunt cu reduceri de pret.
"Magazinul e aglomerat, dar au tineri cu putere de munca, bine pregatiti, prompti, amabili. Monteaza, demonteaza biciclete la foc automat. O coada de 30 metri la casa, nu-i vedeai capatul nici dupa colt, au incasat-o in 5 minute.",439045,"{'choices': ['environment - negative', 'service - positive', 'staff competency - positive']}",22,environment; service; staff competency,environment; service; staff competency,Negative; Positive; Positive,manual,"Magazinul e aglomerat, dar au tineri cu putere de munca, bine pregatiti, prompti, amabili. Monteaza, demonteaza biciclete la foc automat. O coada de 30 metri la casa, nu-i vedeai capatul nici dupa colt, au incasat-o in 5 minute."
doriti sa reduceti numarul raioanelor specializate? nu mi se pare o solutie.,439174,misc - neutral,22,misc,misc,Neutral,manual,doriti sa reduceti numarul raioanelor specializate? nu mi se pare o solutie.
Site greoi. Poze mici. Decrieri la produse insuficiente. Stoc indisponibil desi la magazin este.,438493,"{'choices': ['shop organization - negative', 'tech support - negative']}",22,shop organization; tech support,shop organization; tech support,Negative; Negative,manual,Site greoi. Poze mici. Decrieri la produse insuficiente. Stoc indisponibil desi la magazin este.
"Preturi relativ mari pentru produse care nu fac parte din categoria """"pret tehnic"""", promotii si reduceri ridicole de 3-4%",438714,"{'choices': ['price - negative', 'promotions - negative']}",22,price; promotions,price; promotions,Negative; Negative,manual,"Preturi relativ mari pentru produse care nu fac parte din categoria """"pret tehnic"""", promotii si reduceri ridicole de 3-4%"
"Este o bustiera buna, usoara, nu o simt pe mine, nu deranjeaza, ofera sustinere, un material bun care nu retine apa. Am achizitionat-o la reduceri, iar raportul calitate-pret este mai mult decat satisfacator.",438817,"{'choices': ['price - positive', 'product - positive', 'quality - positive']}",22,price; product; quality,price; product; quality,Positive; Positive; Positive,manual,"Este o bustiera buna, usoara, nu o simt pe mine, nu deranjeaza, ofera sustinere, un material bun care nu retine apa. Am achizitionat-o la reduceri, iar raportul calitate-pret este mai mult decat satisfacator."
"Pantofii sunt buni pentru latimea piciorului meu. Un pic cam grei. Inca nu i-am imcercat in cursa si atunci o sa pot da un raspuns mai bun legat de eficienta. Momentan, pot spune ca sunt placut surprins.",438763,"{'choices': ['product - positive', 'product - negative']}",22,product; product,product,Positive; Negative,manual,"Pantofii sunt buni pentru latimea piciorului meu. Un pic cam grei. Inca nu i-am imcercat in cursa si atunci o sa pot da un raspuns mai bun legat de eficienta. Momentan, pot spune ca sunt placut surprins."
"produsul cumparat avea pe el eticheta cu pretul de 99,90ron, dar la casa am achitat 129ron....din pacate am vazut abia acasa.....mare dezamagire - nu din cauza sumei, ci a faptului in sine....",438548,shop organization - negative,22,shop organization,shop organization,Negative,manual,"produsul cumparat avea pe el eticheta cu pretul de 99,90ron, dar la casa am achitat 129ron....din pacate am vazut abia acasa.....mare dezamagire - nu din cauza sumei, ci a faptului in sine...."
"Lipsa articolelor din piele la incaltaminte si a articolelor de incaltaminte pentru barbati, numere mici .",438726,shop diversity - negative,22,shop diversity,shop diversity,Negative,manual,"Lipsa articolelor din piele la incaltaminte si a articolelor de incaltaminte pentru barbati, numere mici ."
"Oferta un pic cam redusa si monotona la capitolul imbracaminte; senzatie de dezorganizare in magazin ( nu am stiut niciodata, cu exactitate, unde voi gasi produsul pe care il caut ).",438543,"{'choices': ['shop diversity - negative', 'shop organization - negative']}",22,shop diversity; shop organization,shop diversity; shop organization,Negative; Negative,manual,"Oferta un pic cam redusa si monotona la capitolul imbracaminte; senzatie de dezorganizare in magazin ( nu am stiut niciodata, cu exactitate, unde voi gasi produsul pe care il caut )."
Chiar dacă stai în fata unui stand și trec diverși angajați pe lângă tine nimeni nu te întreabă dacă ai nevoie de ajutor. . .  Nu mai vorbim de un salut sau Doamne ferește de un zâmbet. . .,439363,staff competency - negative,22,staff competency,staff competency,Negative,manual,Chiar dacă stai în fata unui stand și trec diverși angajați pe lângă tine nimeni nu te întreabă dacă ai nevoie de ajutor. . . Nu mai vorbim de un salut sau Doamne ferește de un zâmbet. . .
"Acești pantaloni erau amestecați printre cei de bărbați asa ca am crezut ca sunt de bărbați și nu i-am probat desi imi trebuiau urgent. Am întrebat si personalul de pantaloni de ploaie si au zis ca nu au de femei specific.Duminica 22 aprilie, pe raionul cu rucsac de 20-40 litri era o cutie cu rucsace pe care scria: """"rucsac imp"""" Dar a pret sau alte detalii tehnice.. însă nu erau rucsac e impermeabile cum te-ai fi gandit.",439208,"{'choices': ['shop organization - negative', 'staff competency - negative']}",22,shop organization; staff competency,shop organization; staff competency,Negative; Negative,manual,"Acești pantaloni erau amestecați printre cei de bărbați asa ca am crezut ca sunt de bărbați și nu i-am probat desi imi trebuiau urgent. Am întrebat si personalul de pantaloni de ploaie si au zis ca nu au de femei specific.Duminica 22 aprilie, pe raionul cu rucsac de 20-40 litri era o cutie cu rucsace pe care scria: """"rucsac imp"""" Dar a pret sau alte detalii tehnice.. însă nu erau rucsac e impermeabile cum te-ai fi gandit."
Puțin mai lungi sa țină și la mijloc de cald.,438658,product - negative,22,product,product,Negative,manual,Puțin mai lungi sa țină și la mijloc de cald.
"Nu am gasit bicicleta de 14'' ptr copii, iar cele de 16'' nu aveau roti ajutatoare montate, nici macar una din ce am vrut eu sa testez.Personal amabil dar supra solicitat.   La: Recomandati acest magazin, voi pune DA, dar, as pune nu prea...",438610,"{'choices': ['product - negative', 'shop diversity - negative', 'staff competency - positive']}",22,product; shop diversity; staff competency,product; shop diversity; staff competency,Negative; Negative; Positive,manual,"Nu am gasit bicicleta de 14'' ptr copii, iar cele de 16'' nu aveau roti ajutatoare montate, nici macar una din ce am vrut eu sa testez.Personal amabil dar supra solicitat. La: Recomandati acest magazin, voi pune DA, dar, as pune nu prea..."
"Copiilor le place foarte mult acest magazin deoarece pune la dispozitia lor trambuline, biciclete, skateboard-uri si alte echipamente pentru distractie. Ei le pot incerca si vedea ce le place si ce nu, apoi noi cumparam :).",438900,environment - positive,22,environment,environment,Positive,manual,"Copiilor le place foarte mult acest magazin deoarece pune la dispozitia lor trambuline, biciclete, skateboard-uri si alte echipamente pentru distractie. Ei le pot incerca si vedea ce le place si ce nu, apoi noi cumparam :)."
"Super magazin, produse atat pentru performanta cat si pt timpul liber, preturi pentru toate bugetele",438921,"{'choices': ['price - positive', 'shop diversity - positive']}",22,price; shop diversity,price; shop diversity,Positive; Positive,manual,"Super magazin, produse atat pentru performanta cat si pt timpul liber, preturi pentru toate bugetele"
"Afland de spondilita anchilizolanta a sotului meu am cautat bluze de calitate,bluze respirante care sa ramana uscate pe toata perioada purtarii! Bluzele respirante de la Kipsta sunt o alagere foarte buna! Recomand!",439065,"{'choices': ['product - positive', 'quality - positive']}",22,product; quality,product; quality,Positive; Positive,manual,"Afland de spondilita anchilizolanta a sotului meu am cautat bluze de calitate,bluze respirante care sa ramana uscate pe toata perioada purtarii! Bluzele respirante de la Kipsta sunt o alagere foarte buna! Recomand!"
Sunt  lucruri care apar pe site si le vreau dar nu  sunt pe stoc,439185,shop organization - negative,22,shop organization,shop organization,Negative,manual,Sunt lucruri care apar pe site si le vreau dar nu sunt pe stoc
Este nevoie de personal mai mult cred eu.In special la casele de marcat si la informatii clienti.,438896,staff availability - negative,22,staff availability,staff availability,Negative,manual,Este nevoie de personal mai mult cred eu.In special la casele de marcat si la informatii clienti.
"Am comandat pe 16, ... Dar nu a fost livrat incâ pe 31,....",438534,delivery - negative,22,delivery,delivery,Negative,manual,"Am comandat pe 16, ... Dar nu a fost livrat incâ pe 31,...."
Am avut surpriza neplacuta sa constat acasa ca perechea de incaltari Kalenji de copii in poza si raft costa pana in 40 de lei iar acasa pe bon aparea 79.,438303,shop organization - negative,22,shop organization,shop organization,Negative,manual,Am avut surpriza neplacuta sa constat acasa ca perechea de incaltari Kalenji de copii in poza si raft costa pana in 40 de lei iar acasa pe bon aparea 79.
"Personalul chiar dacă e aglomerat să nu se piardă  ușor Să comunice mai mult cu clienții ,dar să nu își inveteze fel de fel de minciuni .Cum ar fi ,că nu avem produsul pentru că nu se cumpără. E o mare prostie. Demoralizați clientul îi demonstrați că nu are ce căuta în magazin",438599,staff competency - negative,22,staff competency,staff competency,Negative,manual,"Personalul chiar dacă e aglomerat să nu se piardă ușor Să comunice mai mult cu clienții ,dar să nu își inveteze fel de fel de minciuni .Cum ar fi ,că nu avem produsul pentru că nu se cumpără. E o mare prostie. Demoralizați clientul îi demonstrați că nu are ce căuta în magazin"
"Am comandat """"BARĂ DE TRACŢIUNE IRON GYM + IRON GYM"""" . Am primit un produs resigilat, cu mici zgarieturi, doua capete de plastic sparte, iar la specificatiile produsului mentioneaza """"montare rapida"""", ceea ce este fals. Manualul de instructiuni este de fapt o hartie mare, impaturita ca o harta, cu cateva imagini care se presupun a fi de ghidare. Jalnic!",438325,"{'choices': ['product - negative', 'service - negative']}",22,product; service,product; service,Negative; Negative,manual,"Am comandat """"BARĂ DE TRACȚIUNE IRON GYM + IRON GYM"""" . Am primit un produs resigilat, cu mici zgarieturi, doua capete de plastic sparte, iar la specificatiile produsului mentioneaza """"montare rapida"""", ceea ce este fals. Manualul de instructiuni este de fapt o hartie mare, impaturita ca o harta, cu cateva imagini care se presupun a fi de ghidare. Jalnic!"
"Am fost admonestata, cand mi-a venit randul la casierie, cu rasteala si obraznicie, pentru faptul ca am solicitat schimbarea produselor cumparate in dimineata aceleiasi zile, deoarece era sfarsitul programului.  Consider purtarea vanzatoarei abuziva, insultatoare si total deplasata.",438384,staff competency - negative,22,staff competency,staff competency,Negative,manual,"Am fost admonestata, cand mi-a venit randul la casierie, cu rasteala si obraznicie, pentru faptul ca am solicitat schimbarea produselor cumparate in dimineata aceleiasi zile, deoarece era sfarsitul programului. Consider purtarea vanzatoarei abuziva, insultatoare si total deplasata."
Lentilele sunt foarte bombate și din cauza asta deformează imaginea pe toată suprafața lentilei.,438333,product - negative,22,product,product,Negative,manual,Lentilele sunt foarte bombate și din cauza asta deformează imaginea pe toată suprafața lentilei.
Am plătit mai mult decat am primit. Mi s-a promis că voi fi contactat pentru livrarea produsului lipsa din comandă dar asta nu s-au întâmplat.,439355,service - negative,22,service,service,Negative,manual,Am plătit mai mult decat am primit. Mi s-a promis că voi fi contactat pentru livrarea produsului lipsa din comandă dar asta nu s-au întâmplat.
Am achizitionat bicicleta de putin timp si deja ii cade lantul.,438491,"{'choices': ['product - negative', 'quality - negative']}",22,product; quality,product; quality,Negative; Negative,manual,Am achizitionat bicicleta de putin timp si deja ii cade lantul.
"Am dorit sa cumpar un pantalon ski dama,nu am gasit nici un model marimea M ,oferta foarte slaba si ca modele,culori.Deasemeni am cautat si un pantalon trening si oferta a fost la fel de restransa .",438398,shop diversity - negative,22,shop diversity,shop diversity,Negative,manual,"Am dorit sa cumpar un pantalon ski dama,nu am gasit nici un model marimea M ,oferta foarte slaba si ca modele,culori.Deasemeni am cautat si un pantalon trening si oferta a fost la fel de restransa ."
"Reparatia a fost in regula, insa timpul de asteptare pentru indreptarea unei jante a fost prea lung (4 zile).Cu respect,Sorin Visan",438729,"{'choices': ['service - positive', 'service - negative']}",22,service; service,service,Positive; Negative,manual,"Reparatia a fost in regula, insa timpul de asteptare pentru indreptarea unei jante a fost prea lung (4 zile).Cu respect,Sorin Visan"
Mi ar placea ca preturile sa fie accesibil si la portofele mai subtiri.,439125,price - negative,22,price,price,Negative,manual,Mi ar placea ca preturile sa fie accesibil si la portofele mai subtiri.
"Am lasat bicicleta pentru revizia de 6 luni si atrebuit sa o aduc inapoi, pentru ca rotile erau descentrate iar schimbatorul pe fata era complet defect.",438350,service - negative,22,service,service,Negative,manual,"Am lasat bicicleta pentru revizia de 6 luni si atrebuit sa o aduc inapoi, pentru ca rotile erau descentrate iar schimbatorul pe fata era complet defect."
După ce a folosito la 5antrenament a început să se destrame,438912,"{'choices': ['product - negative', 'quality - negative']}",22,product; quality,product; quality,Negative; Negative,manual,După ce a folosito la 5antrenament a început să se destrame
"de cativa ani folosesc doar sosete artengo ,atat eu cat si toata familia, este primul an in care nu gasesc si nimeni nu poate spune daca vor mai fii sau nu in viitor. Cred ca am spus tot....",438637,"{'choices': ['shop diversity - negative', 'staff competency - negative']}",22,shop diversity; staff competency,shop diversity; staff competency,Negative; Negative,manual,"de cativa ani folosesc doar sosete artengo ,atat eu cat si toata familia, este primul an in care nu gasesc si nimeni nu poate spune daca vor mai fii sau nu in viitor. Cred ca am spus tot...."
"Pe scurt: am gasit o borseta pe placul meu.....indisponibila (online si nici in magazin). Am bifat casuta """"daca va fi pe stoc voi fi anuntat"""", asa s-a si intamplat, am fost anuntat prin mail. O.K. Am incercat sa comand online, surpriza : Produsul nu este disponibil online"""" Uffff...dupa ce ca am fost anuntat ca e????? Am purces la magazin, am facut o mica achizitie si am intrebat domnisoara daca ma poate ajuta. Raspuns amabil, prompt :numele, nr.telefon, va facem comanda si va sunam.....O.K. (cool). Astept....,intru pe site, surpriza: produs disponibil ba chiar pe stoc in Oradea. Uraaaa....rezervare din nou in magazin, astept confirmarea...., ea soseste, """"produsul nu mai e disponibil"""". Aauuuu, m-a durut rau, au promis ca ma vor suna. Total dezamagit am facut comanda online cu transport la domiciliu (pret dublu aprox.) Sper ca vine. Corvoada pt. o borseta...??? Sunteti NESERIOSI !!!P.S. Domnisoara chiar m-a trecut in carnetel cu pixul.....!?!?!?!?!?",438584,"{'choices': ['delivery - negative', 'service - positive', 'shop diversity - negative', 'shop organization - negative', 'staff competency - positive', 'staff competency - negative']}",22,delivery; service; shop diversity; shop organization; staff competency; staff competency,delivery; service; shop diversity; shop organization; staff competency,Negative; Positive; Negative; Negative; Positive; Negative,manual,"Pe scurt: am gasit o borseta pe placul meu.....indisponibila (online si nici in magazin). Am bifat casuta """"daca va fi pe stoc voi fi anuntat"""", asa s-a si intamplat, am fost anuntat prin mail. O.K. Am incercat sa comand online, surpriza : Produsul nu este disponibil online"""" Uffff...dupa ce ca am fost anuntat ca e????? Am purces la magazin, am facut o mica achizitie si am intrebat domnisoara daca ma poate ajuta. Raspuns amabil, prompt :numele, nr.telefon, va facem comanda si va sunam.....O.K. (cool). Astept....,intru pe site, surpriza: produs disponibil ba chiar pe stoc in Oradea. Uraaaa....rezervare din nou in magazin, astept confirmarea...., ea soseste, """"produsul nu mai e disponibil"""". Aauuuu, m-a durut rau, au promis ca ma vor suna. Total dezamagit am facut comanda online cu transport la domiciliu (pret dublu aprox.) Sper ca vine. Corvoada pt. o borseta...??? Sunteti NESERIOSI !!!P.S. Domnisoara chiar m-a trecut in carnetel cu pixul.....!?!?!?!?!?"
Articolele de iarna au disparut din magazin. Chiar daca vine vara ar fi bine ca macar intr-un colt sa mai existe articole si de iarna.,438687,shop diversity - negative,22,shop diversity,shop diversity,Negative,manual,Articolele de iarna au disparut din magazin. Chiar daca vine vara ar fi bine ca macar intr-un colt sa mai existe articole si de iarna.
de obicei doar o singura casa deschisa. personal nu prea pregatit pe raion.,438717,"{'choices': ['service - negative', 'staff competency - negative']}",22,service; staff competency,service; staff competency,Negative; Negative,manual,de obicei doar o singura casa deschisa. personal nu prea pregatit pe raion.
"Am cautat un pantalon de drumetie ptr. iarna. Magazinul este pregatit cu imbracaminte de primavara...putin cam devreme. Ar trebui tinut cont si de specificul zonal. Eu sunt din Brasov si cred ca in 25 februarie inca nu e primavara, poate in Bucuresti.",438874,shop diversity - negative,22,shop diversity,shop diversity,Negative,manual,"Am cautat un pantalon de drumetie ptr. iarna. Magazinul este pregatit cu imbracaminte de primavara...putin cam devreme. Ar trebui tinut cont si de specificul zonal. Eu sunt din Brasov si cred ca in 25 februarie inca nu e primavara, poate in Bucuresti."
Desi pretul produsului este bun din pacate calitatea lasa de dorit . Utilizat de doua trei ori a inceput sa scape apa pe la supapa cea ce la facut inutilizabil. Sper sa fie duar cazul meu .,438614,"{'choices': ['price - positive', 'product - negative', 'quality - negative']}",22,price; product; quality,price; product; quality,Positive; Negative; Negative,manual,Desi pretul produsului este bun din pacate calitatea lasa de dorit . Utilizat de doua trei ori a inceput sa scape apa pe la supapa cea ce la facut inutilizabil. Sper sa fie duar cazul meu .
"In general, imi place atmosfera din magazin. Toata lumea e incantata de faptul ca poate testa diversele obiecte sportive si face acest lucru. Sunt multi copii, dar si adulti binedispusi. Ce nu mi-a placut, in schimb: marimi indisponibile pentru anumite produse vestimentare si faptul ca sunt cozi prea mari la case.",439219,"{'choices': ['environment - positive', 'service - negative', 'shop diversity - negative']}",22,environment; service; shop diversity,environment; service; shop diversity,Positive; Negative; Negative,manual,"In general, imi place atmosfera din magazin. Toata lumea e incantata de faptul ca poate testa diversele obiecte sportive si face acest lucru. Sunt multi copii, dar si adulti binedispusi. Ce nu mi-a placut, in schimb: marimi indisponibile pentru anumite produse vestimentare si faptul ca sunt cozi prea mari la case."
Magazinul asta este singurul care nu dezamageste in raportul calitate-pret!,439064,"{'choices': ['price - positive', 'quality - positive']}",22,price; quality,price; quality,Positive; Positive,manual,Magazinul asta este singurul care nu dezamageste in raportul calitate-pret!
"Per ansamblu magazinul este foarte bun: marfa diversa, preturi bune, personal ok.Rog mai lucrati la ordinea din magazin si sa evidentiati mai bine zonele: tenis, fotbal, fitness, balet, etc.",438807,"{'choices': ['price - positive', 'shop diversity - positive', 'shop organization - negative', 'staff competency - positive']}",22,price; shop diversity; shop organization; staff competency,price; shop diversity; shop organization; staff competency,Positive; Positive; Negative; Positive,manual,"Per ansamblu magazinul este foarte bun: marfa diversa, preturi bune, personal ok.Rog mai lucrati la ordinea din magazin si sa evidentiati mai bine zonele: tenis, fotbal, fitness, balet, etc."
Un magazin misto care ma relaxeaza ori de cate ori ajung,438982,environment - positive,22,environment,environment,Positive,manual,Un magazin misto care ma relaxeaza ori de cate ori ajung
in general este o atmosfera pe care n-o intalnesti in multe mari lanturi de magazine. insa mi-ar place ca pe viitor sa existe o disponibilitate mai mare a produselor noi care se gasesc pe site :).,438672,"{'choices': ['environment - positive', 'shop diversity - negative']}",22,environment; shop diversity,environment; shop diversity,Positive; Negative,manual,in general este o atmosfera pe care n-o intalnesti in multe mari lanturi de magazine. insa mi-ar place ca pe viitor sa existe o disponibilitate mai mare a produselor noi care se gasesc pe site :).
"Aerisire prin tesatura. Foarte comod,  talpa inalta, dureaza fara deformare majora circa 1 an, purtat alternativ. Detin inca 2 perechi ce se mai pot purta chiar si dupa 2 ani de folosire, dar nu pentru """"afisare"""" casual. Nu acesta este scopul produsului. Se murdareste usor, dar praful se curata de pe tesatura sau marginea talpii. Orice altceva se impregneaza in tesatura, ramane un aspect murdar. De folosit numai pe teren uscat, preferabil asfalt sau ciment/beton. Atentie: patrundere facila a corpurilor straine prin talpa! (talpa de spuma) A nu se folosi pe teren cu vegetatie, de exemplu pe alei de pamant, de parc cu vegetatie (tepi, crengi - patrund prin talpa, iarba, frunze - murdaresc prin sucurile lor).Per general este un produs bun ce isi merita pretul 50-60 RON.",438862,"{'choices': ['price - positive', 'product - positive', 'product - negative', 'quality - negative']}",22,price; product; product; quality,price; product; quality,Positive; Positive; Negative; Negative,manual,"Aerisire prin tesatura. Foarte comod, talpa inalta, dureaza fara deformare majora circa 1 an, purtat alternativ. Detin inca 2 perechi ce se mai pot purta chiar si dupa 2 ani de folosire, dar nu pentru """"afisare"""" casual. Nu acesta este scopul produsului. Se murdareste usor, dar praful se curata de pe tesatura sau marginea talpii. Orice altceva se impregneaza in tesatura, ramane un aspect murdar. De folosit numai pe teren uscat, preferabil asfalt sau ciment/beton. Atentie: patrundere facila a corpurilor straine prin talpa! (talpa de spuma) A nu se folosi pe teren cu vegetatie, de exemplu pe alei de pamant, de parc cu vegetatie (tepi, crengi - patrund prin talpa, iarba, frunze - murdaresc prin sucurile lor).Per general este un produs bun ce isi merita pretul 50-60 RON."
Nu am reusit sa vizualizez detalii despre comanda mea nici dupa ce m-am logat,439124,tech support - negative,22,tech support,tech support,Negative,manual,Nu am reusit sa vizualizez detalii despre comanda mea nici dupa ce m-am logat
"Incercati mai multa amabilitate si bunavointa, si de asemenea, o aprovizionare mai vasta.",438708,"{'choices': ['shop diversity - negative', 'staff competency - negative']}",22,shop diversity; staff competency,shop diversity; staff competency,Negative; Negative,manual,"Incercati mai multa amabilitate si bunavointa, si de asemenea, o aprovizionare mai vasta."
"Am cerut factura pentru comanda facuta,la livrare nu am primit nici o factura.Am sunat la serviciul clienti unde am fost informata ca trebuie sa trimiti  datele de facturare pe mail,fapt ce nu este specificat nicaieri!La serviciu clienti mi sa spus ca nu mai trebuie sa trimit datele ca voi primi factura """"imediat"""" pe mail,acest imediat dureaza de 6 zile!In rest termenul de livrare si produsul a fost foarte in regula!",438338,"{'choices': ['delivery - positive', 'product - positive', 'service - negative', 'staff competency - negative']}",22,delivery; product; service; staff competency,delivery; product; service; staff competency,Positive; Positive; Negative; Negative,manual,"Am cerut factura pentru comanda facuta,la livrare nu am primit nici o factura.Am sunat la serviciul clienti unde am fost informata ca trebuie sa trimiti datele de facturare pe mail,fapt ce nu este specificat nicaieri!La serviciu clienti mi sa spus ca nu mai trebuie sa trimit datele ca voi primi factura """"imediat"""" pe mail,acest imediat dureaza de 6 zile!In rest termenul de livrare si produsul a fost foarte in regula!"
"Deşi iniţial cu unele deficienţe calitative, în urma schimbării produsului, sunt mulţumit per ansamblu de produsul achiziţionat.",438829,"{'choices': ['product - positive', 'quality - negative']}",22,product; quality,product; quality,Positive; Negative,manual,"Deși inițial cu unele deficiențe calitative, în urma schimbării produsului, sunt mulțumit per ansamblu de produsul achiziționat."
"Am cumparat in data de 12.12.2015 5 produse de la Decathlon Brasov si pe bonul fiscal primit de la vanzatoare erau 7 produse... Initial nu mi-am dat seama, doar dupa ce am ajuns acasa am observat pe bon acest lucru. Nu mi se pare corect si sunt revoltat din aceasta privinta, pentru ca a trebuit sa ma intorc la magazin ca sa explic situatia... Cel putin mi-au dat banii inapoi pe produsele pe care nu le-am cumparat, asta e un aspect bun. Si DA recomand Decathlon, DAR aveti grija.",438370,"{'choices': ['staff competency - positive', 'staff competency - negative']}",22,staff competency; staff competency,staff competency,Positive; Negative,manual,"Am cumparat in data de 12.12.2015 5 produse de la Decathlon Brasov si pe bonul fiscal primit de la vanzatoare erau 7 produse... Initial nu mi-am dat seama, doar dupa ce am ajuns acasa am observat pe bon acest lucru. Nu mi se pare corect si sunt revoltat din aceasta privinta, pentru ca a trebuit sa ma intorc la magazin ca sa explic situatia... Cel putin mi-au dat banii inapoi pe produsele pe care nu le-am cumparat, asta e un aspect bun. Si DA recomand Decathlon, DAR aveti grija."
"Aveam nevoie de niste pantaloni pentru """"drumetie"""" - foarte slaba oferta. Chiar am primit un email cu oferte ce includeau asemenea pantaloni, insa a doua zi, si apoi la vreo 3 zile dupa, acestia nu erau in magazin. Erau unii asemanatori pentru femei, desi in email nu era specificat nimic in sensul asta. Una peste alta - timp pierdut.",439340,"{'choices': ['service - negative', 'shop diversity - negative']}",22,service; shop diversity,service; shop diversity,Negative; Negative,manual,"Aveam nevoie de niste pantaloni pentru """"drumetie"""" - foarte slaba oferta. Chiar am primit un email cu oferte ce includeau asemenea pantaloni, insa a doua zi, si apoi la vreo 3 zile dupa, acestia nu erau in magazin. Erau unii asemanatori pentru femei, desi in email nu era specificat nimic in sensul asta. Una peste alta - timp pierdut."
Am cautat role de schimb de 70mm si am fost gresit informat ca pot folosi de 62mm,438568,staff competency - negative,22,staff competency,staff competency,Negative,manual,Am cautat role de schimb de 70mm si am fost gresit informat ca pot folosi de 62mm
"A fost fain, am gasit ceea ce-mi doream, am facut cadoul perfect, doar ca a fost foooarte aglomerat. Ar trebui totusi sa fie un loc special pentru incercarea aparatelor pt cei mici, multi parinti ii lasau de capul lor si in aglomerarea maxima se puteau produce accidente...",439278,environment - negative,22,environment,environment,Negative,manual,"A fost fain, am gasit ceea ce-mi doream, am facut cadoul perfect, doar ca a fost foooarte aglomerat. Ar trebui totusi sa fie un loc special pentru incercarea aparatelor pt cei mici, multi parinti ii lasau de capul lor si in aglomerarea maxima se puteau produce accidente..."
"Casiera de la casa nu m-a intrebat daca am card decathlon. In timp ce incarca produsele nu a fost atenta cand i-am zis ca doresc sa fie trecute cumparaturile pe card si cand i-am repetat mi-a zis ca e  prea tarziu, ca deja a baut bonul.Mai mult decat atat a fost deanjata de remarca mea.",438558,staff competency - negative,22,staff competency,staff competency,Negative,manual,"Casiera de la casa nu m-a intrebat daca am card decathlon. In timp ce incarca produsele nu a fost atenta cand i-am zis ca doresc sa fie trecute cumparaturile pe card si cand i-am repetat mi-a zis ca e prea tarziu, ca deja a baut bonul.Mai mult decat atat a fost deanjata de remarca mea."
"Persoane care testeaza biciclete, skateboard-uri in viteza printre randuri. Marea mojoritate le """"testeaza"""" nu le cumpara !",438587,environment - negative,22,environment,environment,Negative,manual,"Persoane care testeaza biciclete, skateboard-uri in viteza printre randuri. Marea mojoritate le """"testeaza"""" nu le cumpara !"
"Diferența majora fata de ultima vizita. Foarte mulțumit de amabilitatea personalului, chiar dacă am venit cu o problema de garanție la un produs, am plecat mulțumit cu soluția oferita.",439223,"{'choices': ['staff competency - positive', 'service - positive']}",22,staff competency; service,staff competency; service,Positive; Positive,manual,"Diferența majora fata de ultima vizita. Foarte mulțumit de amabilitatea personalului, chiar dacă am venit cu o problema de garanție la un produs, am plecat mulțumit cu soluția oferita."
Dupa prima spalare la 30 grade a intrat un pic la apa,438682,product - negative,22,product,product,Negative,manual,Dupa prima spalare la 30 grade a intrat un pic la apa
Am fost zilele trecute la Decathlon pentru a cumpara echipament sportiv pentru fiul meu. 1.Aveam nevoie pe culoarea albastru si am intrebat un angajat daca pot gasi.. raspunsul fiind negativ. Mergand la raft am gasit exact ce imi trebuia.. concluzia este ca personalul.. ori nu a stiut- ceea ce nu e bine.. ori nu avea chef de povesti. 2. Oglinzi in magazin ffffff.putine sau deloc..3. Am cumparat cu o saptamana in urma adidasi la copil si... noi fiind si vizitand din nou magazinul.. am devenit suspecti..nasol(incredere 0) personalul de la firma de paza ar trebui sa poata viziona pe camere ce se intampla in magazin..4. Cabinele de proba... unele... nu se pot inchide fiind defecte manerele. Pe scurt.. aveam mai multa incredere in Decathlon.. sper sa se remedieze problemele.,438460,"{'choices': ['security - negative', 'shop organization - negative', 'staff competency - negative']}",22,security; shop organization; staff competency,security; shop organization; staff competency,Negative; Negative; Negative,manual,Am fost zilele trecute la Decathlon pentru a cumpara echipament sportiv pentru fiul meu. 1.Aveam nevoie pe culoarea albastru si am intrebat un angajat daca pot gasi.. raspunsul fiind negativ. Mergand la raft am gasit exact ce imi trebuia.. concluzia este ca personalul.. ori nu a stiut- ceea ce nu e bine.. ori nu avea chef de povesti. 2. Oglinzi in magazin ffffff.putine sau deloc..3. Am cumparat cu o saptamana in urma adidasi la copil si... noi fiind si vizitand din nou magazinul.. am devenit suspecti..nasol(incredere 0) personalul de la firma de paza ar trebui sa poata viziona pe camere ce se intampla in magazin..4. Cabinele de proba... unele... nu se pot inchide fiind defecte manerele. Pe scurt.. aveam mai multa incredere in Decathlon.. sper sa se remedieze problemele.
Este pacat ca in Constanta disponibilitatea produselor de alergare este mult mai slaba decat in Bucuresti sau Cluj. Din pacate nu cred ca se va schimba prea curand situatia asta.,438827,shop diversity - negative,22,shop diversity,shop diversity,Negative,manual,Este pacat ca in Constanta disponibilitatea produselor de alergare este mult mai slaba decat in Bucuresti sau Cluj. Din pacate nu cred ca se va schimba prea curand situatia asta.
"mi-am cumparat o preche de manusi, foarte bune , daca as avea doua maini stangi , pentru ca din pacate , sunt doar pentru mana stanga , aveti grija , asigurati-va ca produsele sunt pentru un om normal :))). :D",438597,"{'choices': ['product - positive', 'shop organization - negative']}",22,product; shop organization,product; shop organization,Positive; Negative,manual,"mi-am cumparat o preche de manusi, foarte bune , daca as avea doua maini stangi , pentru ca din pacate , sunt doar pentru mana stanga , aveti grija , asigurati-va ca produsele sunt pentru un om normal :))). :D"
"Personalul ar trebui să știe mai multe caracteristici ale produselor din magazin. Deasemenea  ar trebui să se știe tot timpul în ce loc din magazin se află un produs. Spre exemplu am comandat 3 bluze cu protecție UV, mărimea L,XL și XXL pe data de 4 august. În data de 15 august am fost anunțat că au sosit doar 2 bluze (fără mărimea XL). În data de 16 august am găsit această mărime la magazinul DECATHLON Băneasa și am rugat personalul de acolo să o trimită la Oradea de unde o să o ridic. În data de 18 august am trecut pe la magazin unde mi s-a spus că nu au mărimea respectivă în magazin și nici nu știu să fi sosit de la Băneasa. Căutând în magazin un alt produs am găsit bluza comandată de mine agățată pe un raft, doar că la un alt raion. La întrebarea mea pusă personalului mi s-a răspuns  că nu știau de ea și și-au cerut scuze. Precizez că în data de 23 august am plecat în vacanță în Egipt. Ce s-ar fi întîmplat dacă nu aveam curioyitatea să mai intru în magazin. Rămîneam fără bluză. De acea recomand o mai bună monitorizare a produselor (ceva gen bibliotecă) prin care să ști în orice moment în ce zonă din magazin se află un produs. La magazinul din Cluj haosul e și mai mare... Dar asta mai încolo.",438388,staff competency - negative,22,staff competency,staff competency,Negative,manual,"Personalul ar trebui să știe mai multe caracteristici ale produselor din magazin. Deasemenea ar trebui să se știe tot timpul în ce loc din magazin se află un produs. Spre exemplu am comandat 3 bluze cu protecție UV, mărimea L,XL și XXL pe data de 4 august. În data de 15 august am fost anunțat că au sosit doar 2 bluze (fără mărimea XL). În data de 16 august am găsit această mărime la magazinul DECATHLON Băneasa și am rugat personalul de acolo să o trimită la Oradea de unde o să o ridic. În data de 18 august am trecut pe la magazin unde mi s-a spus că nu au mărimea respectivă în magazin și nici nu știu să fi sosit de la Băneasa. Căutând în magazin un alt produs am găsit bluza comandată de mine agățată pe un raft, doar că la un alt raion. La întrebarea mea pusă personalului mi s-a răspuns că nu știau de ea și și-au cerut scuze. Precizez că în data de 23 august am plecat în vacanță în Egipt. Ce s-ar fi întîmplat dacă nu aveam curioyitatea să mai intru în magazin. Rămîneam fără bluză. De acea recomand o mai bună monitorizare a produselor (ceva gen bibliotecă) prin care să ști în orice moment în ce zonă din magazin se află un produs. La magazinul din Cluj haosul e și mai mare... Dar asta mai încolo."
"Stocul si varietatea pieselor de schimb pentru biciclete, sub nevoile clientilor.Comentariul din dreputl aspectelor negative se refera la personalul din service-ul pt biciclete. Aveam nevoie de un cauciuc de o certa dimensiune si am fost trimis in magazin la raft sa verific stocul si marimea.",438689,"{'choices': ['shop diversity - negative', 'staff competency - negative']}",22,shop diversity; staff competency,shop diversity; staff competency,Negative; Negative,manual,"Stocul si varietatea pieselor de schimb pentru biciclete, sub nevoile clientilor.Comentariul din dreputl aspectelor negative se refera la personalul din service-ul pt biciclete. Aveam nevoie de un cauciuc de o certa dimensiune si am fost trimis in magazin la raft sa verific stocul si marimea."
Produsele sunt foarte bune iar  angajati isunt  prompti si intelegatori .Discutiile avute telefonic au fost constructive iar comunicarea  foarte buna!,438946,"{'choices': ['product - positive', 'staff competency - positive']}",22,product; staff competency,product; staff competency,Positive; Positive,manual,Produsele sunt foarte bune iar angajati isunt prompti si intelegatori .Discutiile avute telefonic au fost constructive iar comunicarea foarte buna!
nu tot personalul din magazin cunoaste locul de amplasare al produselor,438816,staff competency - negative,22,staff competency,staff competency,Negative,manual,nu tot personalul din magazin cunoaste locul de amplasare al produselor
cred ca ar trebui montate cititoare de preturi ptr a pute verifica unele produse fara pret,438771,shop organization - negative,22,shop organization,shop organization,Negative,manual,cred ca ar trebui montate cititoare de preturi ptr a pute verifica unele produse fara pret
"Este a doua oara cand merg sa imi tiparesc cardul decatlhlon, si nu pot! Prima data nu mai stiu din ce cauza, iar a doua oara nu mai era ribon pentru imprimanta!",438633,service - negative,22,service,service,Negative,manual,"Este a doua oara cand merg sa imi tiparesc cardul decatlhlon, si nu pot! Prima data nu mai stiu din ce cauza, iar a doua oara nu mai era ribon pentru imprimanta!"
"Ar trebui sa poti afla preturile produselor, iar personalul angajat ar trebui sa te ajute in caz de nevoie nu numai sa dea din umeri.",438643,"{'choices': ['service - negative', 'staff competency - negative']}",22,service; staff competency,service; staff competency,Negative; Negative,manual,"Ar trebui sa poti afla preturile produselor, iar personalul angajat ar trebui sa te ajute in caz de nevoie nu numai sa dea din umeri."
Ar fi interesant sa aveți mai multe produse in magazin ca pe site-ul Decathlon!!,438539,"{'choices': ['shop diversity - negative', 'shop organization - negative']}",22,shop diversity; shop organization,shop diversity; shop organization,Negative; Negative,manual,Ar fi interesant sa aveți mai multe produse in magazin ca pe site-ul Decathlon!!
Aduceti stocuri ptr toate varstele. La geci si salopete sky prntru 8 ani nu prea gaseai nimic. Toate erau 12 ani...,438630,shop diversity - negative,22,shop diversity,shop diversity,Negative,manual,Aduceti stocuri ptr toate varstele. La geci si salopete sky prntru 8 ani nu prea gaseai nimic. Toate erau 12 ani...
Un produs foarte bun. Extrem de confortabil. Ramane de vazut cat de rezistent este in timp.,438880,product - positive,22,product,product,Positive,manual,Un produs foarte bun. Extrem de confortabil. Ramane de vazut cat de rezistent este in timp.
"Prea puține modele de cizme de iarnă de damă si gecile care erau ,cam scumpe.",438990,"{'choices': ['price - negative', 'shop diversity - negative']}",22,price; shop diversity,price; shop diversity,Negative; Negative,manual,"Prea puține modele de cizme de iarnă de damă si gecile care erau ,cam scumpe."
Am 1 saptamana si inca nu am primit comanda ..Schimbati firma de livrare ..,439163,delivery - negative,22,delivery,delivery,Negative,manual,Am 1 saptamana si inca nu am primit comanda ..Schimbati firma de livrare ..
Recomand inlocuirea scheletului de metal de care se prin bicicletele cu unu-l mai inalt si putin mai robust.deoare momentan bicicletele pot fi legate  doar de roata.fapt ce  face ca bicicleta sa nu fie in siguranță! Bicicletele trebuie legate di de cadru!,438415,shop diversity - negative,22,shop diversity,shop diversity,Negative,manual,Recomand inlocuirea scheletului de metal de care se prin bicicletele cu unu-l mai inalt si putin mai robust.deoare momentan bicicletele pot fi legate doar de roata.fapt ce face ca bicicleta sa nu fie in siguranță! Bicicletele trebuie legate di de cadru!
S-a potrivit exact pentru ce mi-a trebuit.Utila in bagajeria pescuit!,438879,product - positive,22,product,product,Positive,manual,S-a potrivit exact pentru ce mi-a trebuit.Utila in bagajeria pescuit!
"Am achizitionat aceasta banca pentru un home-gym. Am frecventat sali de fitness in ultimii 4 ani, fara pauza mai mare de o luna (stiu sa folosesc banca si o fac cu greutati moderate spre mari). Banca o folosesc de 3-4 ori/saptamana. Face ce trebuie; e stabila, treptele de inclinatie sunt aceleasi cu ale unei banci profesionale. Am 100 kg si nu da semne de slabiciune (lucrez cu gantere de 30 kg la piept si 40 kg ramat). Nu am folosit inca accesoriul pentru picioare (fac alte exercitii pt picioare). Produse asemanatoare am gasit la pret aproape dublu; pt acasa si in bugetul asta e best buy!",438953,"{'choices': ['price - positive', 'product - positive', 'quality - positive']}",22,price; product; quality,price; product; quality,Positive; Positive; Positive,manual,"Am achizitionat aceasta banca pentru un home-gym. Am frecventat sali de fitness in ultimii 4 ani, fara pauza mai mare de o luna (stiu sa folosesc banca si o fac cu greutati moderate spre mari). Banca o folosesc de 3-4 ori/saptamana. Face ce trebuie; e stabila, treptele de inclinatie sunt aceleasi cu ale unei banci profesionale. Am 100 kg si nu da semne de slabiciune (lucrez cu gantere de 30 kg la piept si 40 kg ramat). Nu am folosit inca accesoriul pentru picioare (fac alte exercitii pt picioare). Produse asemanatoare am gasit la pret aproape dublu; pt acasa si in bugetul asta e best buy!"
"Un magazin aproape de sportivi, intelege nevoile si ofera produse de o calitate foarte buna la preturi excelente !Revin mereu cu placere.",439187,"{'choices': ['product - positive', 'price - positive', 'quality - positive']}",22,product; price; quality,product; price; quality,Positive; Positive; Positive,manual,"Un magazin aproape de sportivi, intelege nevoile si ofera produse de o calitate foarte buna la preturi excelente !Revin mereu cu placere."
"ar trebui desemnata o zona unde sa poata fi probate unele produse , nu in tot magazinul",438756,environment - negative,22,environment,environment,Negative,manual,"ar trebui desemnata o zona unde sa poata fi probate unele produse , nu in tot magazinul"
"cu ocazia vizitei in magazin am vrut sa folosesc si un voucher cadou pe care mi l-ati oferit (multumesc).desi scria mare pe instructiuni sa il tiparesc si sa il inmanez personalului Decathlon, am uitat sa fac treaba asta, insa domnisoara de la casa (dati-i o marire de salriu) a fost foarte amabila si l-a printat pentru mine... multumesc inca o data pe aceasta cale.intotdeauna o placere.",438951,"{'choices': ['service - positive', 'staff competency - positive']}",22,service; staff competency,service; staff competency,Positive; Positive,manual,"cu ocazia vizitei in magazin am vrut sa folosesc si un voucher cadou pe care mi l-ati oferit (multumesc).desi scria mare pe instructiuni sa il tiparesc si sa il inmanez personalului Decathlon, am uitat sa fac treaba asta, insa domnisoara de la casa (dati-i o marire de salriu) a fost foarte amabila si l-a printat pentru mine... multumesc inca o data pe aceasta cale.intotdeauna o placere."
produsele cautate sint indisponibile intr-o varietate de numere in mod frecvent.,439359,shop diversity - negative,22,shop diversity,shop diversity,Negative,manual,produsele cautate sint indisponibile intr-o varietate de numere in mod frecvent.
timpul de asteptare pt a finaliza comanda a fost de peste 60 min!,438307,tech support - negative,22,tech support,tech support,Negative,manual,timpul de asteptare pt a finaliza comanda a fost de peste 60 min!
"Bună ziua.Doresc să sesizez următoarea situație. În data de 11.04.2018 am comandat o bicicletă pentru copil model Bicicletă Polivalentă 20"""" Mistigirl 320 Verde/ Roz B'TWIN la magazinul Decathlon din Piatra Neamț. Am lăsat toate datele de contact, am fost asigurat că voi fi sunat imediat ce sosește produsul în magazin , posibil 13-14 .04. Comanda a fost livrată în data de 13.04, cei care au recepționat produsele ( deoarece ca un paradox au sosit 2 biciclete identice ) nu m-au anunțat, au expus bicicletele , iar acestea firesc au fost cumpărate într-un interval foarte rapid de către alți fericiți și norocoși clienți. Acestea au fost vândute în data de 14, respectiv 15.04 !  Luni , 16.04, din proprie inițiativă, sun la magazin și primesc răspuns că nu a sosit comanda mea ( destul de dubios !!! ) . Marți, 17.04, merg personal în magazin, vorbesc cu un angajat foarte amabil și profesionist ( pe nume Andrei ) , care m-a ajutat să mergem pe firul informațiilor și să descoperim toată povestea pe care v-am relatat-o mai sus. Tot Andrei a luat legătura telefonic cu alt Andrei de la Iași ( niște băieți super, cei 2 Andrei pe care vreau să îi felicit pentru profesionalism ! ) , a comandat în regim de urgență bicicleta și a trimis-o  în aceeași zi spre Piatra Neamț. Miercuri la prânz , tot după apelul meu telefonic la magazin să mă informez dacă a ajuns coletul cu bicicleta de la Iași , am aflat că produsul era în magazin. Am mers seara și am achiziționat bicicleta . Spre bucuria copilului, bine că m-am implicat să rezolv eu mai repede, altfel probabil avea să rămână fără....  Pentru toate aceste neplăceri , întârzieri, bâlbâieli procedurale, lipsa de profesionalism și responsabilitate ale personalului , desigur doar cei care au greșit ) , nu vor fi suficiente doar niște scuze, care bănuiesc că nu vor întârzia să apară, imediat ce acest mesaj va ajunge la dvs. Vreau să vă gândiți cum mă puteți fideliza în continuare și ce îmi puteți oferi ca să pot ” uita ” această experiență urâtă !!!",438443,"{'choices': ['service - negative', 'staff competency - positive', 'staff competency - negative']}",22,service; staff competency; staff competency,service; staff competency,Negative; Positive; Negative,manual,"Bună ziua.Doresc să sesizez următoarea situație. În data de 11.04.2018 am comandat o bicicletă pentru copil model Bicicletă Polivalentă 20"""" Mistigirl 320 Verde/ Roz B'TWIN la magazinul Decathlon din Piatra Neamț. Am lăsat toate datele de contact, am fost asigurat că voi fi sunat imediat ce sosește produsul în magazin , posibil 13-14 .04. Comanda a fost livrată în data de 13.04, cei care au recepționat produsele ( deoarece ca un paradox au sosit 2 biciclete identice ) nu m-au anunțat, au expus bicicletele , iar acestea firesc au fost cumpărate într-un interval foarte rapid de către alți fericiți și norocoși clienți. Acestea au fost vândute în data de 14, respectiv 15.04 ! Luni , 16.04, din proprie inițiativă, sun la magazin și primesc răspuns că nu a sosit comanda mea ( destul de dubios !!! ) . Marți, 17.04, merg personal în magazin, vorbesc cu un angajat foarte amabil și profesionist ( pe nume Andrei ) , care m-a ajutat să mergem pe firul informațiilor și să descoperim toată povestea pe care v-am relatat-o mai sus. Tot Andrei a luat legătura telefonic cu alt Andrei de la Iași ( niște băieți super, cei 2 Andrei pe care vreau să îi felicit pentru profesionalism ! ) , a comandat în regim de urgență bicicleta și a trimis-o în aceeași zi spre Piatra Neamț. Miercuri la prânz , tot după apelul meu telefonic la magazin să mă informez dacă a ajuns coletul cu bicicleta de la Iași , am aflat că produsul era în magazin. Am mers seara și am achiziționat bicicleta . Spre bucuria copilului, bine că m-am implicat să rezolv eu mai repede, altfel probabil avea să rămână fără.... Pentru toate aceste neplăceri , întârzieri, bâlbâieli procedurale, lipsa de profesionalism și responsabilitate ale personalului , desigur doar cei care au greșit ) , nu vor fi suficiente doar niște scuze, care bănuiesc că nu vor întârzia să apară, imediat ce acest mesaj va ajunge la dvs. Vreau să vă gândiți cum mă puteți fideliza în continuare și ce îmi puteți oferi ca să pot ” uita ” această experiență urâtă !!!"
Produsul pe care l-am cautat nu satisfacea exact nevoile mele.,438526,product - negative,22,product,product,Negative,manual,Produsul pe care l-am cautat nu satisfacea exact nevoile mele.
"Am fost in Decathlon Iasi in urma cu o saptamana,poate si mai mult.Doream o pereche de patine,dar nu am gasit marimea potrivita.Am discutat cu una dintre angajate care a verificat stocul si m-a informat ca tocmai urma sa soseasca un camion cu marfa a doua zi si ca in acel treansport se aflau 2 prechi de patine marimea pe care o doream(ii spusesem modelul,deci presupun ca atunci cand a cautat,a cautat modelul respectiv,deci cele 2 perechi despre care vorbea era ceea ce cautam eu), Mi-a spus ca ma va contacta telefonic cand vine marfa,ceea ce nu s-a intamplat Am sunat tot eu,la vreo 2-3 zile (deci dupa ce camionul respectiv ajunsese la magazin) si mi-a raspuns un alt domn care,mi-a luat ,din nou,nr. de telefon,spunandu-mi ca ma va contacta (ceea ce nu s-a intamplat,din nou!!!),ca urma sa verifice stocul,dar nu putea in momentul acela pt. ca facee facturi..Pana la urma m-am deplasat iar la magazin,dar nu am gasit ce cautam ,presupun ca se vandusera cele 2 perechi,desi mi s epromisese ca voi fi contactata. Chiar am fost dezamagita de atitudinea angajatilor dvs.",438585,"{'choices': ['shop diversity - negative', 'staff competency - negative']}",22,shop diversity; staff competency,shop diversity; staff competency,Negative; Negative,manual,"Am fost in Decathlon Iasi in urma cu o saptamana,poate si mai mult.Doream o pereche de patine,dar nu am gasit marimea potrivita.Am discutat cu una dintre angajate care a verificat stocul si m-a informat ca tocmai urma sa soseasca un camion cu marfa a doua zi si ca in acel treansport se aflau 2 prechi de patine marimea pe care o doream(ii spusesem modelul,deci presupun ca atunci cand a cautat,a cautat modelul respectiv,deci cele 2 perechi despre care vorbea era ceea ce cautam eu), Mi-a spus ca ma va contacta telefonic cand vine marfa,ceea ce nu s-a intamplat Am sunat tot eu,la vreo 2-3 zile (deci dupa ce camionul respectiv ajunsese la magazin) si mi-a raspuns un alt domn care,mi-a luat ,din nou,nr. de telefon,spunandu-mi ca ma va contacta (ceea ce nu s-a intamplat,din nou!!!),ca urma sa verifice stocul,dar nu putea in momentul acela pt. ca facee facturi..Pana la urma m-am deplasat iar la magazin,dar nu am gasit ce cautam ,presupun ca se vandusera cele 2 perechi,desi mi s epromisese ca voi fi contactata. Chiar am fost dezamagita de atitudinea angajatilor dvs."
Recomand o diversitate mai mare pe produse. Magazinul din Brasov are o gama foarte limitată fata de alte magazine.,438676,shop diversity - negative,22,shop diversity,shop diversity,Negative,manual,Recomand o diversitate mai mare pe produse. Magazinul din Brasov are o gama foarte limitată fata de alte magazine.
"Am vrut sa schimb o pereche de incaltari purtate de maxim 3 ori ,iesisera din garantie.Ideea este ca efectiv la a treia purtare s-au taiat in talpa.",439225,"{'choices': ['return warranty - negative', 'quality - negative']}",22,return warranty; quality,return warranty; quality,Negative; Negative,manual,"Am vrut sa schimb o pereche de incaltari purtate de maxim 3 ori ,iesisera din garantie.Ideea este ca efectiv la a treia purtare s-au taiat in talpa."
"+++ Mi-a placut libertatatea si placerea de a alerga prin magazin a fiului meu, accesul liber la biciclete si mingi, nimeni nu i-a facut observatie, l-am simtit dezinvolt si bucuros, am stat de 3 ori mai mult timp decat imi propusesem, mai vreau sa revin ",438620,"{'choices': ['environment - positive', 'staff competency - positive']}",22,environment; staff competency,environment; staff competency,Positive; Positive,manual,"+++ Mi-a placut libertatatea si placerea de a alerga prin magazin a fiului meu, accesul liber la biciclete si mingi, nimeni nu i-a facut observatie, l-am simtit dezinvolt si bucuros, am stat de 3 ori mai mult timp decat imi propusesem, mai vreau sa revin"
"Un cort foarte incapator,excelent pentru camping. Usor de montat si de strans. Din pacate nu l-am mai vazut in oferta magazinului.",439159,"{'choices': ['product - positive', 'shop diversity - negative']}",22,product; shop diversity,product; shop diversity,Positive; Negative,manual,"Un cort foarte incapator,excelent pentru camping. Usor de montat si de strans. Din pacate nu l-am mai vazut in oferta magazinului."
"Personalul mai informat despre produse, macar despre disponibilitatea din raft daca din magazia din spate sa nu mai vorbim. Prea multa galagie, muzica data mult prea tare, faci efort sa te auzi cu personalul angajat. Copiii cu role, biciclete, nesupraveghiati pericol de accidentari.",439129,"{'choices': ['staff competency - negative', 'environment - negative']}",22,staff competency; environment,staff competency; environment,Negative; Negative,manual,"Personalul mai informat despre produse, macar despre disponibilitatea din raft daca din magazia din spate sa nu mai vorbim. Prea multa galagie, muzica data mult prea tare, faci efort sa te auzi cu personalul angajat. Copiii cu role, biciclete, nesupraveghiati pericol de accidentari."
Aprovizionare mai buna in privinta marimilor la articole de iarna.,439067,shop diversity - negative,22,shop diversity,shop diversity,Negative,manual,Aprovizionare mai buna in privinta marimilor la articole de iarna.
Nu am primit informatii corecte cu privire compatibilitatea unor accesorii cu produsul achizitionat.,438871,staff competency - negative,22,staff competency,staff competency,Negative,manual,Nu am primit informatii corecte cu privire compatibilitatea unor accesorii cu produsul achizitionat.
"Este al doilea rucsac pe care-l cumpar. Parerea mea este ca merita cumparat. L-am folosit si la """"munci"""" grele si a rezistat cu brio (vorbesc de primul rucsac, pe care il port si astazi cu mare placere). Nu s-a descusut, rupt sau deformat. Este comod si rezistent. Singurul minus pe care-l vad eu, este ca mai era loc de inca un buzunar, cel putin din punctul meu de vedere.MERITA!",439270,"{'choices': ['product - positive', 'product - negative', 'quality - positive']}",22,product; product; quality,product; quality,Positive; Negative; Positive,manual,"Este al doilea rucsac pe care-l cumpar. Parerea mea este ca merita cumparat. L-am folosit si la """"munci"""" grele si a rezistat cu brio (vorbesc de primul rucsac, pe care il port si astazi cu mare placere). Nu s-a descusut, rupt sau deformat. Este comod si rezistent. Singurul minus pe care-l vad eu, este ca mai era loc de inca un buzunar, cel putin din punctul meu de vedere.MERITA!"
"Din pacate magazinul Decathlon a devenit un loc de joaca unde unii parinti isi aduc copii doar pentru joaca.Iubesc foarte mult copii, dar deja este exagerat ce se intampla la Dvs in magazin.",438866,environment - negative,22,environment,environment,Negative,manual,"Din pacate magazinul Decathlon a devenit un loc de joaca unde unii parinti isi aduc copii doar pentru joaca.Iubesc foarte mult copii, dar deja este exagerat ce se intampla la Dvs in magazin."
Livrare la o adresa din istoric si nu la cea actualizata si confirmata ca adresa de livrare. Livrare intarziata!,438343,delivery - negative,22,delivery,delivery,Negative,manual,Livrare la o adresa din istoric si nu la cea actualizata si confirmata ca adresa de livrare. Livrare intarziata!
cred ca se poate lucra mai mult la aspectul magazinului. articole aruncate pe jos in graba cumparatorilor nu fac o imagine foarte placuta,438736,shop organization - negative,22,shop organization,shop organization,Negative,manual,cred ca se poate lucra mai mult la aspectul magazinului. articole aruncate pe jos in graba cumparatorilor nu fac o imagine foarte placuta
Preluarea comenzi foarte rapid.Expedierea produsului in timp record.Echipa de operatori foarte faini in acordarea de detalii despre produsul comandat.Conformitatea produsului 100% .Bravo voua si succes in continuare.Multumiri intregi echipe Decathlon,439276,"{'choices': ['delivery - positive', 'product - positive', 'service - positive', 'staff competency - positive']}",22,delivery; product; service; staff competency,delivery; product; service; staff competency,Positive; Positive; Positive; Positive,manual,Preluarea comenzi foarte rapid.Expedierea produsului in timp record.Echipa de operatori foarte faini in acordarea de detalii despre produsul comandat.Conformitatea produsului 100% .Bravo voua si succes in continuare.Multumiri intregi echipe Decathlon
Perfect pentru o plimbare prin oras sau o tura scurta la munte.,438914,product - positive,22,product,product,Positive,manual,Perfect pentru o plimbare prin oras sau o tura scurta la munte.
Putine produse de imbracaminte pentru schi/snowboard. Culori putine la haine.,438532,shop diversity - negative,22,shop diversity,shop diversity,Negative,manual,Putine produse de imbracaminte pentru schi/snowboard. Culori putine la haine.
este casanta si nu este elastica si devine grea pe vreme rece si ploioasa,439090,product - negative,22,product,product,Negative,manual,este casanta si nu este elastica si devine grea pe vreme rece si ploioasa
am stat foaaaarte mult la casa. niciodata nu mi s-a spus cate puncte am si cum le pot folosi. incaltamintea de pana in 100 lei este extrem de proasta. o iei degeaba.,438590,"{'choices': ['product - negative', 'quality - negative', 'service - negative', 'staff competency - negative']}",22,product; quality; service; staff competency,product; quality; service; staff competency,Negative; Negative; Negative; Negative,manual,am stat foaaaarte mult la casa. niciodata nu mi s-a spus cate puncte am si cum le pot folosi. incaltamintea de pana in 100 lei este extrem de proasta. o iei degeaba.
"Magazinul Decathlon este alegerea mea nr. 1 in materie de sport. Doar ca la ultima vizita in magazin am observat ca unele cabine de proba nu se puteau incuia, altele erau pline de haine probate lasate de ceilalti clienti, etc. Stiu, clientii nu poti fi controlati, trebuie respectata si intimitatea lor, dar cred ca daca ar fi o persoana dedicata sa dea mai multa atentie cabinelor de proba ar ajuta. Sa goleasca frecvent cabinele in cazul in care sunt lasate haine, sa fie reparate incuietorile mai frecvent ..",438768,"{'choices': ['service - negative', 'shop organization - negative']}",22,service; shop organization,service; shop organization,Negative; Negative,manual,"Magazinul Decathlon este alegerea mea nr. 1 in materie de sport. Doar ca la ultima vizita in magazin am observat ca unele cabine de proba nu se puteau incuia, altele erau pline de haine probate lasate de ceilalti clienti, etc. Stiu, clientii nu poti fi controlati, trebuie respectata si intimitatea lor, dar cred ca daca ar fi o persoana dedicata sa dea mai multa atentie cabinelor de proba ar ajuta. Sa goleasca frecvent cabinele in cazul in care sunt lasate haine, sa fie reparate incuietorile mai frecvent .."
preturi mai mici daca se poate la articolele pentru biciclete. recomand,438499,price - negative,22,price,price,Negative,manual,preturi mai mici daca se poate la articolele pentru biciclete. recomand
"In urma vizitei in magazin am fost surprins de faptul ca angajatii nu stiu sa verifice disponibilitatea unui produs si intreaba """"pe viu grai"""" de la unul la altul """"mai avem produsul ala""""... raspunsul a fost categoric nu... am fost dezamagit pentru ca venisem special dupa acel produs si ma bazam ca il gasesc. Dupa cautari de unul singur (asta pentru ca pe site aparea produs disponibil) am gasit ceea ce cautam. Parerea mea este ca daca aveti asemenea oameni care sa lucreze cu personalul vanzarea produselor scade simtitor, doar pentru simplu fapt ca se arunca cu vorbe si nu se verifica direct stoc-ul.",438513,staff competency - negative,22,staff competency,staff competency,Negative,manual,"In urma vizitei in magazin am fost surprins de faptul ca angajatii nu stiu sa verifice disponibilitatea unui produs si intreaba """"pe viu grai"""" de la unul la altul """"mai avem produsul ala""""... raspunsul a fost categoric nu... am fost dezamagit pentru ca venisem special dupa acel produs si ma bazam ca il gasesc. Dupa cautari de unul singur (asta pentru ca pe site aparea produs disponibil) am gasit ceea ce cautam. Parerea mea este ca daca aveti asemenea oameni care sa lucreze cu personalul vanzarea produselor scade simtitor, doar pentru simplu fapt ca se arunca cu vorbe si nu se verifica direct stoc-ul."
"In general, ok, dar nu ar strica prezenta mai multor angajati printre clienti (un consilier vanzari  la cel putin trei raioane) . De multe ori ai nevoie de informatii si mergi catre angajatul de la casa de marcat (ce stii sigur unde se afla, altfel esti nevoit sa cauti in tot supermarketul un consilier vanzari).Va multumesc!",438966,staff availability - negative,22,staff availability,staff availability,Negative,manual,"In general, ok, dar nu ar strica prezenta mai multor angajati printre clienti (un consilier vanzari la cel putin trei raioane) . De multe ori ai nevoie de informatii si mergi catre angajatul de la casa de marcat (ce stii sigur unde se afla, altfel esti nevoit sa cauti in tot supermarketul un consilier vanzari).Va multumesc!"
Este usor si util pentru micile deplasari in oras si destul de incapator. Am fost inclusiv la Bazin cu el si am indesat tot ce aveam nevoie. Ma prins si ploaia iar hartiile din el nu s-au udat deci impermeabilitatea este buna la o ploaie usoara.,439172,product - positive,22,product,product,Positive,manual,Este usor si util pentru micile deplasari in oras si destul de incapator. Am fost inclusiv la Bazin cu el si am indesat tot ce aveam nevoie. Ma prins si ploaia iar hartiile din el nu s-au udat deci impermeabilitatea este buna la o ploaie usoara.
abia după 2 săptămâni de la trimiterea comenzii am fost contactată si mi s-a spus că nu mai este pe stoc unul dintre produse. de atunci au mai trecut multe zile si tot nu am comanda. nu este prima dată când se întâmplă.  am crezut că aceste chestionare le ia cineva in considerare si ca se lucreaza la acest aspect.,438583,service - negative,22,service,service,Negative,manual,abia după 2 săptămâni de la trimiterea comenzii am fost contactată si mi s-a spus că nu mai este pe stoc unul dintre produse. de atunci au mai trecut multe zile si tot nu am comanda. nu este prima dată când se întâmplă. am crezut că aceste chestionare le ia cineva in considerare si ca se lucreaza la acest aspect.
"Nu inteleg de ce se tot schimba produsele de la un raion la altul. stiam ca un produs este intrun anumit loc...acum il gasesti in alt loc.Cabinele de proba la intrarea  in magazin ,partea dreapta, lipsesc! Cateva fete au raspuns la intrebarile mele  cam plictisite...nu f amabile",438645,"{'choices': ['shop organization - negative', 'staff competency - negative']}",22,shop organization; staff competency,shop organization; staff competency,Negative; Negative,manual,"Nu inteleg de ce se tot schimba produsele de la un raion la altul. stiam ca un produs este intrun anumit loc...acum il gasesti in alt loc.Cabinele de proba la intrarea in magazin ,partea dreapta, lipsesc! Cateva fete au raspuns la intrebarile mele cam plictisite...nu f amabile"
Ma bucur ca exista un astfel de magazin unde poti sa probezi sau sa testezi aproape orice fara sa te simiti obligat sa cumperi. Excelent!,438955,environment - positive,22,environment,environment,Positive,manual,Ma bucur ca exista un astfel de magazin unde poti sa probezi sau sa testezi aproape orice fara sa te simiti obligat sa cumperi. Excelent!
"Am dat comanda de pe site si au venit produsele, sunt multumit. Sunt nemultumit de faptul ca la crearea contului nu se valideaza adresa de email, si astfel am ajuns sa primesc informatii despre comenzi facute de altcineva pe o adresa de email care imi apartine si cu care nu eram inregistrat pe siteul Decathlon. Am trimis mail cu aceasta problema si inca nu mi s-a raspuns...",439335,"{'choices': ['delivery - positive', 'service - negative', 'tech support - negative']}",22,delivery; service; tech support,delivery; service; tech support,Positive; Negative; Negative,manual,"Am dat comanda de pe site si au venit produsele, sunt multumit. Sunt nemultumit de faptul ca la crearea contului nu se valideaza adresa de email, si astfel am ajuns sa primesc informatii despre comenzi facute de altcineva pe o adresa de email care imi apartine si cu care nu eram inregistrat pe siteul Decathlon. Am trimis mail cu aceasta problema si inca nu mi s-a raspuns..."
Aveam nevoie de indicatii despre anumite produse si nu am gasit pe cineva care sa ne dea informatiile necesare. Acesta a fost motvul pentru care am stat de 2 ori mai mult decat neam fi asteptat....,438527,"{'choices': ['staff availability - negative', 'staff competency - negative']}",22,staff availability; staff competency,staff availability; staff competency,Negative; Negative,manual,Aveam nevoie de indicatii despre anumite produse si nu am gasit pe cineva care sa ne dea informatiile necesare. Acesta a fost motvul pentru care am stat de 2 ori mai mult decat neam fi asteptat....
"Magazinul preferat de familia mea, placut, energie pozitiva, personal f.f.f. bun (sper ca sunt si stimulati, merita pe deplin), atmosfera ca acasa. Numai +++++++++++",438922,"{'choices': ['environment - positive', 'staff competency - positive']}",22,environment; staff competency,environment; staff competency,Positive; Positive,manual,"Magazinul preferat de familia mea, placut, energie pozitiva, personal f.f.f. bun (sper ca sunt si stimulati, merita pe deplin), atmosfera ca acasa. Numai +++++++++++"
"Alunecă un pic, dar sunt într-adevăr impermeabili, aşa cum e specificat în descriere. Şi sunt şi frumuşei.",438868,"{'choices': ['product - positive', 'product - negative']}",22,product; product,product,Positive; Negative,manual,"Alunecă un pic, dar sunt într-adevăr impermeabili, așa cum e specificat în descriere. Și sunt și frumușei."
"Doresc sa va semnalez urmatorul fapt:in data de 07.10.2017 pe la ora 8 seara(ora 20) in magazinul DECATHLON din Cluj-Napoca un baietel de 5 ani si jumatate (nepotelul meu) si-a rupt piciorul.Acest fapt se datoreaza politicii magazinului de a permite incercarea produselor de sport si hobby din cadrul magazinui ca mijloc de promovare a acestora.Se ignora complet primejdia si riscul la care sunt expusi copiii dar si adultii.Copiii se plimba cu viteza pe biciclete,trotinete skate-uri etc printre rafturi si printre ceilalti cumparatori.Nepotelul meu , Rares si-a rupt piciorul cu un astfel de skateboard .Fata de situatia semnalata,va rog sa luati masurile de rigoare pt.ca alti copii sa nu mai pateasca accidente similare si sa le fie pusa sanatatea in pericol .Ar trebui ca acest lucru sa va faca sa fiti mai atenti cu politicile comerciale practicate!! Sper ca veti publica si comentariul meum,chiar daca nu va avantajeaza.",438349,environment - negative,22,environment,environment,Negative,manual,"Doresc sa va semnalez urmatorul fapt:in data de 07.10.2017 pe la ora 8 seara(ora 20) in magazinul DECATHLON din Cluj-Napoca un baietel de 5 ani si jumatate (nepotelul meu) si-a rupt piciorul.Acest fapt se datoreaza politicii magazinului de a permite incercarea produselor de sport si hobby din cadrul magazinui ca mijloc de promovare a acestora.Se ignora complet primejdia si riscul la care sunt expusi copiii dar si adultii.Copiii se plimba cu viteza pe biciclete,trotinete skate-uri etc printre rafturi si printre ceilalti cumparatori.Nepotelul meu , Rares si-a rupt piciorul cu un astfel de skateboard .Fata de situatia semnalata,va rog sa luati masurile de rigoare pt.ca alti copii sa nu mai pateasca accidente similare si sa le fie pusa sanatatea in pericol .Ar trebui ca acest lucru sa va faca sa fiti mai atenti cu politicile comerciale practicate!! Sper ca veti publica si comentariul meum,chiar daca nu va avantajeaza."
"Durata mare de așteptare,aproximativ 30 de minute până a venit un angajat la raionul ciclism!Interventia angajatilor de la INFORMATII lasa de dorit!",438372,"{'choices': ['staff availability - negative', 'staff competency - negative']}",22,staff availability; staff competency,staff availability; staff competency,Negative; Negative,manual,"Durata mare de așteptare,aproximativ 30 de minute până a venit un angajat la raionul ciclism!Interventia angajatilor de la INFORMATII lasa de dorit!"
"Am achizitionat acest produs de la dumneavoastra in ziua in care am plecat in concediu. Imediat ce copilul a vrut sa folosesca casca la o piscina dintr-o locatie unde am plecat in vacanta, am observat ca acea garnitura siliconica nu este fixata corespunzator pe rama si din acest motiv nu era posibil sa se formeze acel vid necesar pentru a  nu intra apa in interior.Am fost nevoit sa desfac masca complet si sa repozitionez la loc pe pozitie garnitura. Am avut nevoie de 60 minute ca sa rezolv aceasta problema migaloasa. In orice moment exista riscul sa rup acea garnitura siliconica sau sa sparg/rup componentele din plastic de la casca.",438707,product - negative,22,product,product,Negative,manual,"Am achizitionat acest produs de la dumneavoastra in ziua in care am plecat in concediu. Imediat ce copilul a vrut sa folosesca casca la o piscina dintr-o locatie unde am plecat in vacanta, am observat ca acea garnitura siliconica nu este fixata corespunzator pe rama si din acest motiv nu era posibil sa se formeze acel vid necesar pentru a nu intra apa in interior.Am fost nevoit sa desfac masca complet si sa repozitionez la loc pe pozitie garnitura. Am avut nevoie de 60 minute ca sa rezolv aceasta problema migaloasa. In orice moment exista riscul sa rup acea garnitura siliconica sau sa sparg/rup componentele din plastic de la casca."
"Am cumparat acest produs acum in 2014. L-am luat specific pentru vreme ploioasa.  Am experimentat prima ploaie serioasa cu el, materialul absoarbe apa.. Se comporta ca un burlan: apa in loc sa alunece pe afara, trece in interior.  In apararea lui, am avut un accident cu el (un sofer a considerat ca daca sunt ciclist nu trebuie sa imi acorde prioritate) l-am rupt in partea de jos - 3 gauri - si in cotul drept. NU am apucat sa il port anul trecut. L-am peticit pe interior, ok, am inceput sa il port. Nu a fost bine. In acuzarea lui, am cumparat acelasi produs (de, cel vechi peticit), culoare diferita. Impermeabilitate zero. Anterior, purtasem doi ani o jacheta Solognac,  am comandat una azi, intrucat tin sa merg prin ploaie fara sa caut adapost din 50 in 50 de metri. Vreti o jacheta lejera, cumparati-l. Vreti ceva de ploaie, luati-va o umbrela. A, de ce aveti doar marca Quequa (nu mentionam singurul produs Milet) la jachete timp ploios? Exista si alte marci, chiar la dumneavoastra, din experienta mea, mai bune.",438311,"{'choices': ['product - negative', 'quality - negative', 'shop diversity - negative']}",22,product; quality; shop diversity,product; quality; shop diversity,Negative; Negative; Negative,manual,"Am cumparat acest produs acum in 2014. L-am luat specific pentru vreme ploioasa. Am experimentat prima ploaie serioasa cu el, materialul absoarbe apa.. Se comporta ca un burlan: apa in loc sa alunece pe afara, trece in interior. In apararea lui, am avut un accident cu el (un sofer a considerat ca daca sunt ciclist nu trebuie sa imi acorde prioritate) l-am rupt in partea de jos - 3 gauri - si in cotul drept. NU am apucat sa il port anul trecut. L-am peticit pe interior, ok, am inceput sa il port. Nu a fost bine. In acuzarea lui, am cumparat acelasi produs (de, cel vechi peticit), culoare diferita. Impermeabilitate zero. Anterior, purtasem doi ani o jacheta Solognac, am comandat una azi, intrucat tin sa merg prin ploaie fara sa caut adapost din 50 in 50 de metri. Vreti o jacheta lejera, cumparati-l. Vreti ceva de ploaie, luati-va o umbrela. A, de ce aveti doar marca Quequa (nu mentionam singurul produs Milet) la jachete timp ploios? Exista si alte marci, chiar la dumneavoastra, din experienta mea, mai bune."
"Nu mai căutați în altă parte, aici sunt cele mai bune preturi vs calitate!",439008,"{'choices': ['price - positive', 'quality - positive']}",22,price; quality,price; quality,Positive; Positive,manual,"Nu mai căutați în altă parte, aici sunt cele mai bune preturi vs calitate!"
Dupa o purtare de o zi nu trebuie sa va descaltati in public. Foarte urat mirositori.,438537,product - negative,22,product,product,Negative,manual,Dupa o purtare de o zi nu trebuie sa va descaltati in public. Foarte urat mirositori.
"Am stat la coada la cabina de proba 15 minute pentru a proba o bluza. Sunt doar 2 cabine de proba ceea ce este inadmisibil de putin luand in considerare dimensiunea magazinului si varietatea foarte mare de produse. Intr-adevar a fost duminca seara, dar totusi.. 15 minute la o coada mi se pare enorm de mult.",438482,"{'choices': ['service - negative', 'shop diversity - positive']}",22,service; shop diversity,service; shop diversity,Negative; Positive,manual,"Am stat la coada la cabina de proba 15 minute pentru a proba o bluza. Sunt doar 2 cabine de proba ceea ce este inadmisibil de putin luand in considerare dimensiunea magazinului si varietatea foarte mare de produse. Intr-adevar a fost duminca seara, dar totusi.. 15 minute la o coada mi se pare enorm de mult."
"Articolele de incaltaminte nu sunt  asezate in ordinea marimilor; sunt amestecate. Am stat 10 minute sa caut numarul bun, iar cand l-am gasit era un singur picior: stangul.",438745,shop organization - negative,22,shop organization,shop organization,Negative,manual,"Articolele de incaltaminte nu sunt asezate in ordinea marimilor; sunt amestecate. Am stat 10 minute sa caut numarul bun, iar cand l-am gasit era un singur picior: stangul."
"Am avut o situație neplacuta.,in sensul ca desi am ales un produs dintr-un raft cu cel puțin 30 de buc.cu prețul afișat,la casa am fost încasat cu o suma mai mare.Atunci când am spus ca eu știam de alt pret,răspunsul a fost ca nu am citit eu bine prețul sau am luat produsul din alt raft.Am achitat după care m-am deplasat la locul de unde am ales prod.Am solicitat celui care a încasat sa se deplaseze pana la raft,argumentandu-i prețul afisat si raftul cu produsul.Răspunsul a fost """"daca mi-ați fi arătat înainte de a factura as fi putut factura la prețul dorit de d-voastra.Domnilor atenție!!! Păcat de investiție .Doresc sa corectați asemenea situați,ca atunci când mergem la cumpărături in mag.d-voastra,sa mergem cu încrederea si fara disconfort.",439338,"{'choices': ['shop organization - negative', 'staff competency - negative']}",22,shop organization; staff competency,shop organization; staff competency,Negative; Negative,manual,"Am avut o situație neplacuta.,in sensul ca desi am ales un produs dintr-un raft cu cel puțin 30 de buc.cu prețul afișat,la casa am fost încasat cu o suma mai mare.Atunci când am spus ca eu știam de alt pret,răspunsul a fost ca nu am citit eu bine prețul sau am luat produsul din alt raft.Am achitat după care m-am deplasat la locul de unde am ales prod.Am solicitat celui care a încasat sa se deplaseze pana la raft,argumentandu-i prețul afisat si raftul cu produsul.Răspunsul a fost """"daca mi-ați fi arătat înainte de a factura as fi putut factura la prețul dorit de d-voastra.Domnilor atenție!!! Păcat de investiție .Doresc sa corectați asemenea situați,ca atunci când mergem la cumpărături in mag.d-voastra,sa mergem cu încrederea si fara disconfort."
"Sunt client vechi si dedtul de fidel. Se poate vedea asta si dupa datele pe care cred ca le aveti in baza de date. Enumerez mai jos cateva aspecte neplacute pe care le-am constatat:1. Oameni buni, renuntati la ideea comerciala dar  tampita ca daca sucim raioanele o sa vada clintul si alte produse si poate le cumpara. Zapaciti si clientii si salariatii. Clientii fideli si familiarizati cu topografia magazinului pierd mai mult timp incercand sa gaseasca produsele dorite iar personalul nu mai stie nici el pe unde sa ne indrume.2. Ati scos din productie di vanzare cateva produse foarte bune calitativ si le-ati inlocuit cu unele mult mai slabe.3. Calapodul unor incaltari de munte este doar pentru cei cu piciorul foarte ingust. Pentru o latime buna am probat o pereche cu 2 numere mai mare. Nu am cumparat-o desigur si caut in alta parte.4. Nici dupa atata timp nu ati introdus o masca pentru biciclisti care sa filtreze noxele. Ati vazut cati biciclisti sunt in Bucuresti? Din ce in ce mai multi, de ce lasati sa fie """"gazati""""?5. La Trocathlon nu am inteles de ce in ultima zi pretul produsului scade obligatoriu cu 20% iar vanzatorul nu poate sa isi retraga marfa. Am renuntat sa las rolele si bicicleta din aceasta cauza.Daniel Petrica",438723,"{'choices': ['product - negative', 'quality - negative', 'shop diversity - negative', 'shop organization - negative']}",22,product; quality; shop diversity; shop organization,product; quality; shop diversity; shop organization,Negative; Negative; Negative; Negative,manual,"Sunt client vechi si dedtul de fidel. Se poate vedea asta si dupa datele pe care cred ca le aveti in baza de date. Enumerez mai jos cateva aspecte neplacute pe care le-am constatat:1. Oameni buni, renuntati la ideea comerciala dar tampita ca daca sucim raioanele o sa vada clintul si alte produse si poate le cumpara. Zapaciti si clientii si salariatii. Clientii fideli si familiarizati cu topografia magazinului pierd mai mult timp incercand sa gaseasca produsele dorite iar personalul nu mai stie nici el pe unde sa ne indrume.2. Ati scos din productie di vanzare cateva produse foarte bune calitativ si le-ati inlocuit cu unele mult mai slabe.3. Calapodul unor incaltari de munte este doar pentru cei cu piciorul foarte ingust. Pentru o latime buna am probat o pereche cu 2 numere mai mare. Nu am cumparat-o desigur si caut in alta parte.4. Nici dupa atata timp nu ati introdus o masca pentru biciclisti care sa filtreze noxele. Ati vazut cati biciclisti sunt in Bucuresti? Din ce in ce mai multi, de ce lasati sa fie """"gazati""""?5. La Trocathlon nu am inteles de ce in ultima zi pretul produsului scade obligatoriu cu 20% iar vanzatorul nu poate sa isi retraga marfa. Am renuntat sa las rolele si bicicleta din aceasta cauza.Daniel Petrica"
"Extrem de nemultumita! Nu mai comand niciodata online! Procesarea comenzii a fost ingreunata de nu stiu ce """"eroare de sistem"""" (cel putin asa am fost informata, nimeni nu stia sa-mi spuna exact din ce cauza). Daca nu dadeam telefoane si emailuri nici macar nu eram anuntata de intarzierea livrarii coletului. Comanda plasata si confirmata pe 14 dec avea data estimata de livrare pe 18 dec. Pe 22 a fost predata curierului, iar pe 27 avea sa fie livrata! Pe 27!!!! E incredibil!Nu recomand nimanui sa plaseze comenzi online!Dezorganizare totala in procesarea comenzilor + customer experience la pamant!!!!",438355,"{'choices': ['delivery - negative', 'service - negative', 'staff competency - negative']}",22,delivery; service; staff competency,delivery; service; staff competency,Negative; Negative; Negative,manual,"Extrem de nemultumita! Nu mai comand niciodata online! Procesarea comenzii a fost ingreunata de nu stiu ce """"eroare de sistem"""" (cel putin asa am fost informata, nimeni nu stia sa-mi spuna exact din ce cauza). Daca nu dadeam telefoane si emailuri nici macar nu eram anuntata de intarzierea livrarii coletului. Comanda plasata si confirmata pe 14 dec avea data estimata de livrare pe 18 dec. Pe 22 a fost predata curierului, iar pe 27 avea sa fie livrata! Pe 27!!!! E incredibil!Nu recomand nimanui sa plaseze comenzi online!Dezorganizare totala in procesarea comenzilor + customer experience la pamant!!!!"
"ieri, mi s-a introdus pe bon un produs de 40 de lei pe care nu l-am achizitionat. este si vina mea ca nu am verificat bonul",438362,staff competency - negative,22,staff competency,staff competency,Negative,manual,"ieri, mi s-a introdus pe bon un produs de 40 de lei pe care nu l-am achizitionat. este si vina mea ca nu am verificat bonul"
"Preturi acceptabile , dar nu foarte atractive iar produse de copii de 4 sau 5 ani nu prea gasesti , incaltaminte si hainute de sezon...aproape deloc...:)",439168,"{'choices': ['price - neutral', 'shop diversity - negative']}",22,price; shop diversity,price; shop diversity,Neutral; Negative,manual,"Preturi acceptabile , dar nu foarte atractive iar produse de copii de 4 sau 5 ani nu prea gasesti , incaltaminte si hainute de sezon...aproape deloc...:)"
Am dat comanda cu numarul IVDIVJLGO si cand am incercat sa sun sa aflu cand ajunge sau daca a fost expediata am stat 40 de minute cu telefonul la ureche fara nici un semn de viata. Doresc mult sa stiu cand ajunge comanda si cand am vazut cat am stat am fost dezamagit total.,438360,"{'choices': ['service - negative', 'staff competency - negative']}",22,service; staff competency,service; staff competency,Negative; Negative,manual,Am dat comanda cu numarul IVDIVJLGO si cand am incercat sa sun sa aflu cand ajunge sau daca a fost expediata am stat 40 de minute cu telefonul la ureche fara nici un semn de viata. Doresc mult sa stiu cand ajunge comanda si cand am vazut cat am stat am fost dezamagit total.
Calitatea unor produse este slaba (ex: incaltaminte). Ar putea fi o varietate mai mare de produse mergind pina la high quality chiar daca preturile vor fi mai mari.,439362,"{'choices': ['quality - negative', 'shop diversity - negative']}",22,quality; shop diversity,quality; shop diversity,Negative; Negative,manual,Calitatea unor produse este slaba (ex: incaltaminte). Ar putea fi o varietate mai mare de produse mergind pina la high quality chiar daca preturile vor fi mai mari.
"Ar trebui suplimentate mai des mărimile. Pe sectiunea sporturi acvatice, de exemplu, nu am gasit nici bluză din neopren mărimea s sau xs, nici pantaloni sau jacheta. A trebuit să iau un s de la bărbați :(",439023,shop diversity - negative,22,shop diversity,shop diversity,Negative,manual,"Ar trebui suplimentate mai des mărimile. Pe sectiunea sporturi acvatice, de exemplu, nu am gasit nici bluză din neopren mărimea s sau xs, nici pantaloni sau jacheta. A trebuit să iau un s de la bărbați :("
"Multe descompletate. Cred ca e prea mare libertate acordata copiilor. Era sa fiu lovit de un copil cu bicicleta. Problema ca, daca nu ma feream in ultima clipa, copilul se lovea. Apoi planset, durere, certuri cu parintii..... samd.",439010,"{'choices': ['environment - negative', 'shop organization - negative']}",22,environment; shop organization,environment; shop organization,Negative; Negative,manual,"Multe descompletate. Cred ca e prea mare libertate acordata copiilor. Era sa fiu lovit de un copil cu bicicleta. Problema ca, daca nu ma feream in ultima clipa, copilul se lovea. Apoi planset, durere, certuri cu parintii..... samd."
"Imi place ca: - are are acele carabine, nu trebuie sa ma mai chinui sa fac mult e noduri;- suntine si 3 persoane;- e foarte practic.",439009,product - positive,22,product,product,Positive,manual,"Imi place ca: - are are acele carabine, nu trebuie sa ma mai chinui sa fac mult e noduri;- suntine si 3 persoane;- e foarte practic."
"Imi place ca sunt produse si pentru clasa de mijloc, si chiar daca au preturi mai mici calitatea este foarte buna. As dori sa vad si in magazin mai multe culori la adidasii la 39.90 lei,  de exmplu, cum apar pe site.",438898,"{'choices': ['price - positive', 'quality - positive', 'shop diversity - negative']}",22,price; quality; shop diversity,price; quality; shop diversity,Positive; Positive; Negative,manual,"Imi place ca sunt produse si pentru clasa de mijloc, si chiar daca au preturi mai mici calitatea este foarte buna. As dori sa vad si in magazin mai multe culori la adidasii la 39.90 lei, de exmplu, cum apar pe site."
"As dori ca o serie de informatii cu privire la produsele pe care as vrea sa le cumparam sa poata fi date de angajati, uneori acestia sunt ocupati sa dea relatii sau sunt cu alte treburi",438713,staff competency - negative,22,staff competency,staff competency,Negative,manual,"As dori ca o serie de informatii cu privire la produsele pe care as vrea sa le cumparam sa poata fi date de angajati, uneori acestia sunt ocupati sa dea relatii sau sunt cu alte treburi"
"Personalul, chiar nou, sa fie obligat sa invete repede si bine info produse, preturi, logistica magazinului.De obicei aveti cozi mari la case. Cu asta nu puteti face ceva? Iar cand aveti multi clienti, macar tineti deschise toate casele. De obicei cel putin una e inchisă. Om fi noi in Romania si suntem obisnuiti cu cozile, dar chiar nu putem trece la urmatorul nivel?? Sper sa vad schimbarile in bine a.s.a.p.",438819,"{'choices': ['service - negative', 'staff competency - negative']}",22,service; staff competency,service; staff competency,Negative; Negative,manual,"Personalul, chiar nou, sa fie obligat sa invete repede si bine info produse, preturi, logistica magazinului.De obicei aveti cozi mari la case. Cu asta nu puteti face ceva? Iar cand aveti multi clienti, macar tineti deschise toate casele. De obicei cel putin una e inchisă. Om fi noi in Romania si suntem obisnuiti cu cozile, dar chiar nu putem trece la urmatorul nivel?? Sper sa vad schimbarile in bine a.s.a.p."
"sunt sigur ca din cauza spatiului deficitar,oferta este redusa fata de alte magazine din retea.gama de produse premium este redusa,si ca exemplu ,pantofii """"salamon"""" sunt foarte slabi reprezentati,s-ar putea face reduceri la articolele de iarna ca si in magazinele """"sport direct"""" in aceasta perioada.oferta  de biciclete este foarte redusa.",438628,"{'choices': ['promotions - negative', 'shop diversity - negative', 'shop organization - negative']}",22,promotions; shop diversity; shop organization,promotions; shop diversity; shop organization,Negative; Negative; Negative,manual,"sunt sigur ca din cauza spatiului deficitar,oferta este redusa fata de alte magazine din retea.gama de produse premium este redusa,si ca exemplu ,pantofii """"salamon"""" sunt foarte slabi reprezentati,s-ar putea face reduceri la articolele de iarna ca si in magazinele """"sport direct"""" in aceasta perioada.oferta de biciclete este foarte redusa."
"Nu au mai fost disponibile pentru a fi incercate bicicletele, rolele, trotinetele pentru copii. La acest magazin ne-a placut faptul ca puteam sa alegem produse cat timp copiii se jucau.",439268,"{'choices': ['environment - positive', 'environment - negative']}",22,environment; environment,environment,Positive; Negative,manual,"Nu au mai fost disponibile pentru a fi incercate bicicletele, rolele, trotinetele pentru copii. La acest magazin ne-a placut faptul ca puteam sa alegem produse cat timp copiii se jucau."
"Am fost sa fac o verificare a bicicletei copilului cumpărată anul trecut în aprilie. Am fost informat la cumpărarea acesteia ca în perioada de 2 ani garanție beneficiez de întreținere gratuit. Am venit la magazin pentru o verificare. Nu am fost întrebat nimic, nu mi s-a verificat cardul sa se vadă data achiziției bicicletei. A umflat 2 roti,  a dat cu spray-ul de ulei lanțul și  atât. Apoi îmi cere cardul și îmi emite factura. La întrebarea mea de ce, îmi zicea doar 6 luni aveam gratuit de la achiziționarea bicicletei. Nu am fost informat corect nici la cumpărarea produsului, nici la sosirea mea pentru întreținerea anuală. Consider ca angajații nu informează corect clienții și fac un service cam sumar după ureche fără sa întrebe omul ce vrea sa zică costurile.",438283,"{'choices': ['service - negative', 'staff competency - negative']}",22,service; staff competency,service; staff competency,Negative; Negative,manual,"Am fost sa fac o verificare a bicicletei copilului cumpărată anul trecut în aprilie. Am fost informat la cumpărarea acesteia ca în perioada de 2 ani garanție beneficiez de întreținere gratuit. Am venit la magazin pentru o verificare. Nu am fost întrebat nimic, nu mi s-a verificat cardul sa se vadă data achiziției bicicletei. A umflat 2 roti, a dat cu spray-ul de ulei lanțul și atât. Apoi îmi cere cardul și îmi emite factura. La întrebarea mea de ce, îmi zicea doar 6 luni aveam gratuit de la achiziționarea bicicletei. Nu am fost informat corect nici la cumpărarea produsului, nici la sosirea mea pentru întreținerea anuală. Consider ca angajații nu informează corect clienții și fac un service cam sumar după ureche fără sa întrebe omul ce vrea sa zică costurile."
"Multe dintre produse nu aveau preturile afisate, iar cei care ofera informatii nu le stiau nici ei.Prietenul meu a facut cumparaturi de 500 ron si ghici ce? Pe bon era 700 ron... la iesirea din  magazin si-a dat seama ca ceva nu este in regula (pe bon nu se specifica exact denumirea produsului pe care  il cumparase doar pe ''hartie/bon') si s-a intors. A rugat o vanzatoare sa-i verifice din nou produsele din plasa pt ca nu intelegea ce comandase de acei 200 ron. Dupa ce  aceasta a verificat produsele  o alta colega i-a zis '' ahh..am taxat eu o undita arpenaz (sau cam asa ceva) care apartinea unui alt client'' Asta a fost toata explicatia. Nu si-a cerut scuze...nimic!  Daca pleca? Isi lua o teapa de 200 ron, iar vanzatoarea storna bonul si isi putea lua linistita banii. Sunt profund dezamagita! Pacat ! Firma franceza cu pretentii si angajati romani iresponsabili!",438588,"{'choices': ['shop organization - negative', 'staff competency - negative']}",22,shop organization; staff competency,shop organization; staff competency,Negative; Negative,manual,"Multe dintre produse nu aveau preturile afisate, iar cei care ofera informatii nu le stiau nici ei.Prietenul meu a facut cumparaturi de 500 ron si ghici ce? Pe bon era 700 ron... la iesirea din magazin si-a dat seama ca ceva nu este in regula (pe bon nu se specifica exact denumirea produsului pe care il cumparase doar pe ''hartie/bon') si s-a intors. A rugat o vanzatoare sa-i verifice din nou produsele din plasa pt ca nu intelegea ce comandase de acei 200 ron. Dupa ce aceasta a verificat produsele o alta colega i-a zis '' ahh..am taxat eu o undita arpenaz (sau cam asa ceva) care apartinea unui alt client'' Asta a fost toata explicatia. Nu si-a cerut scuze...nimic! Daca pleca? Isi lua o teapa de 200 ron, iar vanzatoarea storna bonul si isi putea lua linistita banii. Sunt profund dezamagita! Pacat ! Firma franceza cu pretentii si angajati romani iresponsabili!"
Trebuie modificat sistemul de prindere al snurului deoarece se desface accidental.,438832,product - negative,22,product,product,Negative,manual,Trebuie modificat sistemul de prindere al snurului deoarece se desface accidental.
"Stoc 0 la produsele cautate, lipsa informatii referitoare la produsele cautate",438382,"{'choices': ['shop diversity - negative', 'shop organization - negative']}",22,shop diversity; shop organization,shop diversity; shop organization,Negative; Negative,manual,"Stoc 0 la produsele cautate, lipsa informatii referitoare la produsele cautate"
"Am incercat sa inscriptionez pe o bluza un numar si am fost refuzat in cel mai urat mod,si nu e prima data!",438375,staff competency - negative,22,staff competency,staff competency,Negative,manual,"Am incercat sa inscriptionez pe o bluza un numar si am fost refuzat in cel mai urat mod,si nu e prima data!"
Sunt putine articole de imbracaminte pentru baieti 14- 15 ani.,438908,shop diversity - negative,22,shop diversity,shop diversity,Negative,manual,Sunt putine articole de imbracaminte pentru baieti 14- 15 ani.
"Un magazin asteptat de mine si in Buzau; preturi decente, multe produse si raport calitate-pret imbatabil",439055,"{'choices': ['price - positive', 'quality - positive', 'shop diversity - positive']}",22,price; quality; shop diversity,price; quality; shop diversity,Positive; Positive; Positive,manual,"Un magazin asteptat de mine si in Buzau; preturi decente, multe produse si raport calitate-pret imbatabil"
am fost nevoit sa ma reintorc pentru a schimba  un incalzitor de incaltaminte defect.,438592,product - negative,22,product,product,Negative,manual,am fost nevoit sa ma reintorc pentru a schimba un incalzitor de incaltaminte defect.
"de mai multe ori ni s-a intamplat sa nu gasim marimea potrivita, de exemplu la incaltaminte 43 barbati",438797,shop diversity - negative,22,shop diversity,shop diversity,Negative,manual,"de mai multe ori ni s-a intamplat sa nu gasim marimea potrivita, de exemplu la incaltaminte 43 barbati"
"ok. Rapid, am gasit ceea ce cautam si ne-am continuat ziua dupa un stop de doar 5 minute.",438895,"{'choices': ['shop diversity - positive', 'shop organization - positive']}",22,shop diversity; shop organization,shop diversity; shop organization,Positive; Positive,manual,"ok. Rapid, am gasit ceea ce cautam si ne-am continuat ziua dupa un stop de doar 5 minute."
"la ultima vizita in magazin, la casa de marcat,avand multe produse si neputand pe loc sa imi dau seama,s. a inarcat bonul fiscal cu o pereche de pantaloni(neavand in cosul meu asa cv) in valoare de 30lei...",438340,staff competency - negative,22,staff competency,staff competency,Negative,manual,"la ultima vizita in magazin, la casa de marcat,avand multe produse si neputand pe loc sa imi dau seama,s. a inarcat bonul fiscal cu o pereche de pantaloni(neavand in cosul meu asa cv) in valoare de 30lei..."
"Raport calitate/pret, OK. In schimb, lentiele prezinta usoare dioaptrii, ceea ce nu este in regula absolut deloc! I-am cumparat si verificat la un laborator de optica si mi-au confirmat ca una dontre lentile (stanga sau dreapta, nu mai stiu sigur) prezinta o dioptrie de 0.5 sfera.Din pacate, nu pot recomanda produsul!",438559,"{'choices': ['price - positive', 'product - negative', 'quality - positive']}",22,price; product; quality,price; product; quality,Positive; Negative; Positive,manual,"Raport calitate/pret, OK. In schimb, lentiele prezinta usoare dioaptrii, ceea ce nu este in regula absolut deloc! I-am cumparat si verificat la un laborator de optica si mi-au confirmat ca una dontre lentile (stanga sau dreapta, nu mai stiu sigur) prezinta o dioptrie de 0.5 sfera.Din pacate, nu pot recomanda produsul!"
As vrea sa imi iau cat mai repede dar nu aveti asa ca sper sa faceti rost cat mai repede.Va rog ziceti-mi daca stiti alt site sa imi iau am neaparata nevoie.,438909,shop diversity - negative,22,shop diversity,shop diversity,Negative,manual,As vrea sa imi iau cat mai repede dar nu aveti asa ca sper sa faceti rost cat mai repede.Va rog ziceti-mi daca stiti alt site sa imi iau am neaparata nevoie.
Un fir bun pentru a pescui de maxim 3 ori. După 3 zile de pescuit se decolerează și se rupe mai rău ca ața de papiotă. Pentru o expoziție de fire așezate pe mulinetă...e excelent. În rest...nu-l recomand.,438544,"{'choices': ['product - negative', 'quality - negative']}",22,product; quality,product; quality,Negative; Negative,manual,Un fir bun pentru a pescui de maxim 3 ori. După 3 zile de pescuit se decolerează și se rupe mai rău ca ața de papiotă. Pentru o expoziție de fire așezate pe mulinetă...e excelent. În rest...nu-l recomand.
Se putea sa aibe mai multe sageti in set. Nu erau pe stoc sageti separat de cumparat.,438844,shop diversity - negative,22,shop diversity,shop diversity,Negative,manual,Se putea sa aibe mai multe sageti in set. Nu erau pe stoc sageti separat de cumparat.
"Unul dintre produse nesigilat si consumat din el, la fel si dupa trimiterea altuia identic.Termen de livrare 1 saptamana pentru doua spray-uri impermeabilizante CÂND SE LUCRA SI NU ERA CONCEDIU SAI ZILE NELUCRĂTOARE. A fost ultima comanda de pe internet de aici , ma declar dezamagit !",438516,"{'choices': ['delivery - negative', 'product - negative']}",22,delivery; product,delivery; product,Negative; Negative,manual,"Unul dintre produse nesigilat si consumat din el, la fel si dupa trimiterea altuia identic.Termen de livrare 1 saptamana pentru doua spray-uri impermeabilizante CÂND SE LUCRA SI NU ERA CONCEDIU SAI ZILE NELUCRĂTOARE. A fost ultima comanda de pe internet de aici , ma declar dezamagit !"
"Personal amabil, rapid, organizare foarte buna a magazinului! Punctul de ridicare livrari e situat fix langa intrare/iesire ceea ce face accesul la el foarte facil.",439304,"{'choices': ['staff competency - positive', 'shop organization - positive']}",22,staff competency; shop organization,staff competency; shop organization,Positive; Positive,manual,"Personal amabil, rapid, organizare foarte buna a magazinului! Punctul de ridicare livrari e situat fix langa intrare/iesire ceea ce face accesul la el foarte facil."
"Sunt din Craiova , am cumparat unul dintre ceasuri si mi s-a rupt cureaua dupa aproximativ 6 luni de utilizare. De 3 luni incerc sa cumpar aceasta bratara sau una asemanatoare si NU O GASESC NICIODATA PE STOC! E ceva ce tine de zona crepusculara! Nici in magazin si nici pe magazinul online. Sunt 2 variante: distributie de toata jena sau calitate atat de proasta a bratarii ca toata lumea cumpara bratarile non-stop. Nu este niciodata pe stoc! E ceva incredibil! Repet: de toata jena.",438423,"{'choices': ['product - negative', 'quality - negative', 'shop diversity - negative']}",22,product; quality; shop diversity,product; quality; shop diversity,Negative; Negative; Negative,manual,"Sunt din Craiova , am cumparat unul dintre ceasuri si mi s-a rupt cureaua dupa aproximativ 6 luni de utilizare. De 3 luni incerc sa cumpar aceasta bratara sau una asemanatoare si NU O GASESC NICIODATA PE STOC! E ceva ce tine de zona crepusculara! Nici in magazin si nici pe magazinul online. Sunt 2 variante: distributie de toata jena sau calitate atat de proasta a bratarii ca toata lumea cumpara bratarile non-stop. Nu este niciodata pe stoc! E ceva incredibil! Repet: de toata jena."
Mai multe produse marca Columbia ar face sa vizitez mai des magazinul,439317,shop diversity - negative,22,shop diversity,shop diversity,Negative,manual,Mai multe produse marca Columbia ar face sa vizitez mai des magazinul
Produsele sunt aranjate haotic in cadrul raioanelor si nu exista preturi afisate. Sugestia mea ar fi sa se afiseze la intrare un plan al magazinului pentru a nu mai fi nevoit sa iei la pas tot magazinul sa gasesti un anumit raion pentru care ai venit in vizita.,438720,shop organization - negative,22,shop organization,shop organization,Negative,manual,Produsele sunt aranjate haotic in cadrul raioanelor si nu exista preturi afisate. Sugestia mea ar fi sa se afiseze la intrare un plan al magazinului pentru a nu mai fi nevoit sa iei la pas tot magazinul sa gasesti un anumit raion pentru care ai venit in vizita.
"Va rog sa scrieti dimensiunile (lungimea) husei, este prevazuta pentru lansete de 3.6 m sau 3.9 m?",438906,shop organization - negative,22,shop organization,shop organization,Negative,manual,"Va rog sa scrieti dimensiunile (lungimea) husei, este prevazuta pentru lansete de 3.6 m sau 3.9 m?"
"Am asteptat 30 min pentru a obtine factura de la singura casa de la care acest lucru e posibil, de ce nu va organizati astfel incat sa se poata factura de la oricare casa de marcat.Factura este valabila fara semnatura si stampila, de trebuie sa le dau semnatura la angajatii dumneavoastra?",438396,service - negative,22,service,service,Negative,manual,"Am asteptat 30 min pentru a obtine factura de la singura casa de la care acest lucru e posibil, de ce nu va organizati astfel incat sa se poata factura de la oricare casa de marcat.Factura este valabila fara semnatura si stampila, de trebuie sa le dau semnatura la angajatii dumneavoastra?"
Va doresc mult succes in continuare. As fi interesat sa particip la anumite campanii pe care le-ati organiza.,438960,misc - neutral,22,misc,misc,Neutral,manual,Va doresc mult succes in continuare. As fi interesat sa particip la anumite campanii pe care le-ati organiza.
"Daca mai merg pe pedale in picioare (cand urc spre exemplu, nu mereu) sunt probleme cu butucul pedalier.",439316,product - negative,22,product,product,Negative,manual,"Daca mai merg pe pedale in picioare (cand urc spre exemplu, nu mereu) sunt probleme cu butucul pedalier."
"Sunt sproape inutilizabile. Nu sunt respectate proportiile feţei.Surprinzatoare este componenţa nefasta a pachetului. Pare ca cel putin o componenta era cu o vanzare mai slaba si a avut nevoie de un produs """"tractor""""",438528,product - negative,22,product,product,Negative,manual,"Sunt sproape inutilizabile. Nu sunt respectate proportiile feței.Surprinzatoare este componența nefasta a pachetului. Pare ca cel putin o componenta era cu o vanzare mai slaba si a avut nevoie de un produs """"tractor"""""
iluminatul interior spre seara nu era f bun; iar neonul deformeaza culorile,439211,service - negative,22,service,service,Negative,manual,iluminatul interior spre seara nu era f bun; iar neonul deformeaza culorile
"Am gasit o cagula de ciclism pe site ( nu guler) care aparea in stoc Iasi. Am fost la magazin si mi s-a comunicat ca sezonul de iarna va incepe in aprox. 2 saptamani.  Oricum, desi dimineata sunt in jur de 6 grade, ar trebui sa apara stoc pentru dezonul rece.",438563,"{'choices': ['shop diversity - negative', 'shop organization - negative']}",22,shop diversity; shop organization,shop diversity; shop organization,Negative; Negative,manual,"Am gasit o cagula de ciclism pe site ( nu guler) care aparea in stoc Iasi. Am fost la magazin si mi s-a comunicat ca sezonul de iarna va incepe in aprox. 2 saptamani. Oricum, desi dimineata sunt in jur de 6 grade, ar trebui sa apara stoc pentru dezonul rece."
rotile la cos erau blocate. am luat alt cos: la fel. l-am tarait dupa mine asa.,439298,service - negative,22,service,service,Negative,manual,rotile la cos erau blocate. am luat alt cos: la fel. l-am tarait dupa mine asa.
Am cumparat aceasta pereche de incaltaminte de alergare care  lasa de dorit. Am alergat cu ei de doua ori aproximativ cate 10 km si imi amortesc picioarele in ei. Amortizarea nu e tocmai cum este specificat pe site.Mentionez ca am mai folosit incaltaminte kalenji pentru alergare si nu am avut aceasta problema.,438287,product - negative,22,product,product,Negative,manual,Am cumparat aceasta pereche de incaltaminte de alergare care lasa de dorit. Am alergat cu ei de doua ori aproximativ cate 10 km si imi amortesc picioarele in ei. Amortizarea nu e tocmai cum este specificat pe site.Mentionez ca am mai folosit incaltaminte kalenji pentru alergare si nu am avut aceasta problema.
"Va rog sa largiti gama de produse cu brand recunoscut la nivel mondial.Marcile proprii: Quechua, Tribord, Kipsta, Kalenji, Domyos  - sunt OK pentru marea masa dar va asigur ca in Romamania  exista o mare categorie de consumatori care doresc calitate """"high premium"""". Va rog sa primiti constructiv  acest mesaj.",438743,shop diversity - negative,22,shop diversity,shop diversity,Negative,manual,"Va rog sa largiti gama de produse cu brand recunoscut la nivel mondial.Marcile proprii: Quechua, Tribord, Kipsta, Kalenji, Domyos - sunt OK pentru marea masa dar va asigur ca in Romamania exista o mare categorie de consumatori care doresc calitate """"high premium"""". Va rog sa primiti constructiv acest mesaj."
"Stocuri nereactualizate, prezentarea on-line dezastruoasa, am gasit un produs on-line si cand am sunat sa ma asigur ca exista si fizic mi-a raspuns o domnisoara care pe langa faptul ca a tinut cu orice pret sa-mi aduca la cunostiinta faptul ca nu era treaba ei sa raspunda la telefon, m-a pus sa astept.....10 min dupa care am inchis...penibil.",438474,"{'choices': ['shop organization - negative', 'staff competency - negative', 'tech support - negative']}",22,shop organization; staff competency; tech support,shop organization; staff competency; tech support,Negative; Negative; Negative,manual,"Stocuri nereactualizate, prezentarea on-line dezastruoasa, am gasit un produs on-line si cand am sunat sa ma asigur ca exista si fizic mi-a raspuns o domnisoara care pe langa faptul ca a tinut cu orice pret sa-mi aduca la cunostiinta faptul ca nu era treaba ei sa raspunda la telefon, m-a pus sa astept.....10 min dupa care am inchis...penibil."
Este un magazin frumos cu personal foarte drăguț cu clienții. Ideal ar fi dacă ar fi spațiu mai mare.,439018,"{'choices': ['shop organization - negative', 'staff competency - positive']}",22,shop organization; staff competency,shop organization; staff competency,Negative; Positive,manual,Este un magazin frumos cu personal foarte drăguț cu clienții. Ideal ar fi dacă ar fi spațiu mai mare.
Ma astept ca pe viitor daca fac comanda la un produs si mi se zice ca voi fi anuntata telefonic cand acesta intra in magazin as prefera sa se si intample asta nu sa stau sa astept degeaba o sapt si cand ajung intamplator in magazin sa vad produsul si marimea comandate la raft ...,438648,staff competency - negative,22,staff competency,staff competency,Negative,manual,Ma astept ca pe viitor daca fac comanda la un produs si mi se zice ca voi fi anuntata telefonic cand acesta intra in magazin as prefera sa se si intample asta nu sa stau sa astept degeaba o sapt si cand ajung intamplator in magazin sa vad produsul si marimea comandate la raft ...
de ce nu se repara greseala de pe site ca ca putem valorifica voucherul?imediat expira si pierdem.nu este correct.,438359,tech support - negative,22,tech support,tech support,Negative,manual,de ce nu se repara greseala de pe site ca ca putem valorifica voucherul?imediat expira si pierdem.nu este correct.
"la prosusele pe care as fi vrut sa le cumpar, nu am gasit marimea mea.",438667,shop diversity - negative,22,shop diversity,shop diversity,Negative,manual,"la prosusele pe care as fi vrut sa le cumpar, nu am gasit marimea mea."
Ar fi minunat ca magazinul din Focsani sa dispuna de mai multe produse. Personalul este foarte amabil.,438812,"{'choices': ['shop diversity - negative', 'staff competency - positive']}",22,shop diversity; staff competency,shop diversity; staff competency,Negative; Positive,manual,Ar fi minunat ca magazinul din Focsani sa dispuna de mai multe produse. Personalul este foarte amabil.
"Am cumparat bicicleta copil ghidonul la reglaj nu a fost strans cum trebuie si la prima cazatura s-a """"dezcentrat""""-a trebuit sa caut jumatate de zi pe la magazin sa gasesc cheie sa il pot regla acasa.Marimile incaltaminte de 32-33 copii aproape ca nu erau la baieti, am luat ce am gasit nu ce mi-as fi dorit.Limitarea probarii echipamentelor ca si timp si spatiu: vesnic trebuia sa ma feresc sa nu dea vreun copil peste mine cu bicicleta, role, si nu eram la raionul respectiv. inteleg ca trebuiesc probate, inteleg si ca vrem sa oferim un pic de timp parintilor sa poata cauta ce vor sa cumpere, dar nu cred ca trebuie sa devina un spatiu de joaca nesupravegheat (si da sunt de acord, ca tine si de parinti, dar daca uita bunul simt, li se poate reaminti din cand in cand).",438873,"{'choices': ['environment - negative', 'service - negative', 'shop diversity - negative']}",22,environment; service; shop diversity,environment; service; shop diversity,Negative; Negative; Negative,manual,"Am cumparat bicicleta copil ghidonul la reglaj nu a fost strans cum trebuie si la prima cazatura s-a """"dezcentrat""""-a trebuit sa caut jumatate de zi pe la magazin sa gasesc cheie sa il pot regla acasa.Marimile incaltaminte de 32-33 copii aproape ca nu erau la baieti, am luat ce am gasit nu ce mi-as fi dorit.Limitarea probarii echipamentelor ca si timp si spatiu: vesnic trebuia sa ma feresc sa nu dea vreun copil peste mine cu bicicleta, role, si nu eram la raionul respectiv. inteleg ca trebuiesc probate, inteleg si ca vrem sa oferim un pic de timp parintilor sa poata cauta ce vor sa cumpere, dar nu cred ca trebuie sa devina un spatiu de joaca nesupravegheat (si da sunt de acord, ca tine si de parinti, dar daca uita bunul simt, li se poate reaminti din cand in cand)."
"Din punctul meu de vedere este un magazin super ,preturi accesibile pentru toata lumea!",439036,price - positive,22,price,price,Positive,manual,"Din punctul meu de vedere este un magazin super ,preturi accesibile pentru toata lumea!"
De fiecare data ne face placere sa vizitam magazinul. Am 3 fetite si am gasit la dumneavoastră cele necesare (mai ales adidasi)si sunt de buna calitate.Lor le place mai ales ca au posibilitatea de a se plimba cu bicicletele cat noi ne uitam pe raioane.O zi buna va doresc.,438846,"{'choices': ['environment - positive', 'quality - positive', 'shop diversity - positive']}",22,environment; quality; shop diversity,environment; quality; shop diversity,Positive; Positive; Positive,manual,De fiecare data ne face placere sa vizitam magazinul. Am 3 fetite si am gasit la dumneavoastră cele necesare (mai ales adidasi)si sunt de buna calitate.Lor le place mai ales ca au posibilitatea de a se plimba cu bicicletele cat noi ne uitam pe raioane.O zi buna va doresc.
Manerele sunt largi. Le-am luat pentru bicicleta celui mic la recomandarea celor de la Dechatlon. Trebuie pusa banda de izolat pe ghidon ca sa nu se rasuceasca.,438517,product - negative,22,product,product,Negative,manual,Manerele sunt largi. Le-am luat pentru bicicleta celui mic la recomandarea celor de la Dechatlon. Trebuie pusa banda de izolat pe ghidon ca sa nu se rasuceasca.
"Gama de articole la acelasi sport este diversificata, dar as dori mai multe produse cu masuri M si L - acestea se epuizeaza repede si raman doar XS si XL. La copii de 14 - 16 ani masurile nu se potrivesc - nici de la copii nici de la adulti",438907,"{'choices': ['shop diversity - positive', 'shop diversity - negative']}",22,shop diversity; shop diversity,shop diversity,Positive; Negative,manual,"Gama de articole la acelasi sport este diversificata, dar as dori mai multe produse cu masuri M si L - acestea se epuizeaza repede si raman doar XS si XL. La copii de 14 - 16 ani masurile nu se potrivesc - nici de la copii nici de la adulti"
"Lumina pe spate este ok, vizibila, nu extraordinara si nu are mod intermitent.Lumina pe fata este la nivel de lanterna model vechi. Proiecteaza o pata de lumina slaba cu diametrul de 1m la 2-3m de bicicleta. Centrul petei (20-30cm) este foarte bine luminat. La mai mult de 2-3m este total inutila. Metoda de prindere pe ghidon ma face sa cred ca a fost gandita drept lumina secundara pentru bicicleta cu posibilitatea utilizarii ca lanterna.Frontala poate fi folosita cu succes pentru citirea apometrelor!In concluzie nu merita banii, te ajuta sa fii vazut, nu sa vezi. Daca vrei sa umbli noaptea investeste in ceva serios.",438489,product - negative,22,product,product,Negative,manual,"Lumina pe spate este ok, vizibila, nu extraordinara si nu are mod intermitent.Lumina pe fata este la nivel de lanterna model vechi. Proiecteaza o pata de lumina slaba cu diametrul de 1m la 2-3m de bicicleta. Centrul petei (20-30cm) este foarte bine luminat. La mai mult de 2-3m este total inutila. Metoda de prindere pe ghidon ma face sa cred ca a fost gandita drept lumina secundara pentru bicicleta cu posibilitatea utilizarii ca lanterna.Frontala poate fi folosita cu succes pentru citirea apometrelor!In concluzie nu merita banii, te ajuta sa fii vazut, nu sa vezi. Daca vrei sa umbli noaptea investeste in ceva serios."
Am fost trimis la alta casa si nu era nici un coleg.,439150,staff availability - negative,22,staff availability,staff availability,Negative,manual,Am fost trimis la alta casa si nu era nici un coleg.
"am platit pe o pereche de incaltaminte sport cu 150 RON IN PLUS fata de pretul afisat la raft . Avand cumparaturi de aprox. 800 de RON nici macar nu am observat diferenta la casa. E inadmisibil asa ceva pt. un brand care se respecta, sau, mai bine zis, care isi respecta clientii.",438422,shop organization - negative,22,shop organization,shop organization,Negative,manual,"am platit pe o pereche de incaltaminte sport cu 150 RON IN PLUS fata de pretul afisat la raft . Avand cumparaturi de aprox. 800 de RON nici macar nu am observat diferenta la casa. E inadmisibil asa ceva pt. un brand care se respecta, sau, mai bine zis, care isi respecta clientii."
"Varietatea de articole pentru copii (bascheti) este redusa. Preturi mari, promotii slabe.",439216,"{'choices': ['shop diversity - negative', 'price - negative', 'promotions - negative']}",22,shop diversity; price; promotions,shop diversity; price; promotions,Negative; Negative; Negative,manual,"Varietatea de articole pentru copii (bascheti) este redusa. Preturi mari, promotii slabe."
"Lipseau marimi la multe produse, in special la imbracaminte. In rest magazinul este super ok.",438859,shop diversity - negative,22,shop diversity,shop diversity,Negative,manual,"Lipseau marimi la multe produse, in special la imbracaminte. In rest magazinul este super ok."
Magazinul Decathlon ofera clientului o gama diversa de bunuri ce pot fi accesate dar amabilitatea angajatilor lasa de dorit.,438505,"{'choices': ['shop diversity - positive', 'staff competency - negative']}",22,shop diversity; staff competency,shop diversity; staff competency,Positive; Negative,manual,Magazinul Decathlon ofera clientului o gama diversa de bunuri ce pot fi accesate dar amabilitatea angajatilor lasa de dorit.
Am comandat online o bicicleta și nici după o săptămână nu am primit-o,439307,delivery - negative,22,delivery,delivery,Negative,manual,Am comandat online o bicicleta și nici după o săptămână nu am primit-o
"Am cautat un produs: labe de inot nr 35-36, am gasit numai una, nu am reusit sa gasesc perechea; am incercat sa gasesc pe cineva sa intreb daca ma poate ajuta, nu a fost nimeni disponibil pe raionul respectiv. Stiu ca dezordinea e cauzata de clientii romani care se poarta oribil cu produsele si refuza sa le puna la loc de unde le-au luat...poate o campanie de sensibilizare in sensul asta ar fi folositoare....",438904,"{'choices': ['shop diversity - negative', 'shop organization - negative', 'staff availability - negative']}",22,shop diversity; shop organization; staff availability,shop diversity; shop organization; staff availability,Negative; Negative; Negative,manual,"Am cautat un produs: labe de inot nr 35-36, am gasit numai una, nu am reusit sa gasesc perechea; am incercat sa gasesc pe cineva sa intreb daca ma poate ajuta, nu a fost nimeni disponibil pe raionul respectiv. Stiu ca dezordinea e cauzata de clientii romani care se poarta oribil cu produsele si refuza sa le puna la loc de unde le-au luat...poate o campanie de sensibilizare in sensul asta ar fi folositoare...."
Ar trebui mai multe case deschise .Se intampla de multe ori sa asteptam la coada desi aveti un nr mare de case care stau inchise.,438772,service - negative,22,service,service,Negative,manual,Ar trebui mai multe case deschise .Se intampla de multe ori sa asteptam la coada desi aveti un nr mare de case care stau inchise.
foarte comozi si talpa foarte rezistenta. Recomand pentru uz intens.,439239,product - positive,22,product,product,Positive,manual,foarte comozi si talpa foarte rezistenta. Recomand pentru uz intens.
Preturi irelevant de mari pentru produse care in  alte tari sau magazine online se pot achizitiona cu 15-45% mai ieftin.,438455,price - negative,22,price,price,Negative,manual,Preturi irelevant de mari pentru produse care in alte tari sau magazine online se pot achizitiona cu 15-45% mai ieftin.
nu este posibil sa stai sa astepti in telefon 44 de minute si tot sa NU raspunda nimeni....mi-am schimbat parerea despre aceasta companie.,439353,service - negative,22,service,service,Negative,manual,nu este posibil sa stai sa astepti in telefon 44 de minute si tot sa NU raspunda nimeni....mi-am schimbat parerea despre aceasta companie.
"Sa existe mai multe cabine de proba situate in toate colturile magazinului (sau la capatul rafturilor). Sa fie muzica ambientala (acum specifica sarbatorilor). Sa fie monitoare cu prezentarea produselor. Sa fie anuntate promotiile,",439325,"{'choices': ['shop organization - negative', 'environment - negative', 'service - negative']}",22,shop organization; environment; service,shop organization; environment; service,Negative; Negative; Negative,manual,"Sa existe mai multe cabine de proba situate in toate colturile magazinului (sau la capatul rafturilor). Sa fie muzica ambientala (acum specifica sarbatorilor). Sa fie monitoare cu prezentarea produselor. Sa fie anuntate promotiile,"
"In botul cismei este o armatura de plastic care se tot rupe, am schimbat pana in mometul de fata de doua ori produsul.",438413,"{'choices': ['product - negative', 'quality - negative']}",22,product; quality,product; quality,Negative; Negative,manual,"In botul cismei este o armatura de plastic care se tot rupe, am schimbat pana in mometul de fata de doua ori produsul."
Per general este un magazin in care cu siguranta voi trimite prietenii; Mai ales la service biciclete,438872,service - positive,22,service,service,Positive,manual,Per general este un magazin in care cu siguranta voi trimite prietenii; Mai ales la service biciclete
"In urma verificarii  mai multor bonuri, in urma cumparaturilor facute, punctele bonus nu au fost adunate...",438735,service - negative,22,service,service,Negative,manual,"In urma verificarii mai multor bonuri, in urma cumparaturilor facute, punctele bonus nu au fost adunate..."
Pantalonii sunt foarte comozi. Eu ii folosesc pe sub pantalonii scurti la tenis.,438759,product - positive,22,product,product,Positive,manual,Pantalonii sunt foarte comozi. Eu ii folosesc pe sub pantalonii scurti la tenis.
"Pe data de 5 ianuarie 2016 am fost în magazin am căutat o sanie..nu mai era nici un model în magazin, după care m-am uitat în continuare am văzut o pereche de adidasi de la firma Nike, nu era în magazin nr. 39 am vrut sa fac comanda, m-am adresat personalului, după care domnișoarele de acolo încercau sa de vina una pe alta.  Aveau un mare sictir in ele, câte sa verifice dacă este în alte magazine, sa îmi zică daca îmi poate comanda. În schimb am fost în decembrie 2015 nu mai știu exact data...sotului i-a plăcut o pereche de încălțări, foarte amabil personalul din ziua respectiva, ne-am înțeles din priviri când a sosit comanda și am venit sa îi iau pe data de 21.12.2015 seara . Personalul foarte amabil, la fel ne-am înțeles din priviri.",439387,"{'choices': ['shop diversity - negative', 'staff competency - negative', 'staff competency - positive']}",22,shop diversity; staff competency; staff competency,shop diversity; staff competency,Negative; Negative; Positive,manual,"Pe data de 5 ianuarie 2016 am fost în magazin am căutat o sanie..nu mai era nici un model în magazin, după care m-am uitat în continuare am văzut o pereche de adidasi de la firma Nike, nu era în magazin nr. 39 am vrut sa fac comanda, m-am adresat personalului, după care domnișoarele de acolo încercau sa de vina una pe alta. Aveau un mare sictir in ele, câte sa verifice dacă este în alte magazine, sa îmi zică daca îmi poate comanda. În schimb am fost în decembrie 2015 nu mai știu exact data...sotului i-a plăcut o pereche de încălțări, foarte amabil personalul din ziua respectiva, ne-am înțeles din priviri când a sosit comanda și am venit sa îi iau pe data de 21.12.2015 seara . Personalul foarte amabil, la fel ne-am înțeles din priviri."
"După ce am făcut cumpărăturile astăzi 26mai, am avut o întrebare pentru domnul cu codita ca se ocupa de biciclete """"le curata cred"""" și mia răspuns într-un mod neplăcut plus ca se uita la mine de parca i-am furat bicicleta... Nu e chiar plăcut. Va mulțumesc!",438285,staff competency - negative,22,staff competency,staff competency,Negative,manual,"După ce am făcut cumpărăturile astăzi 26mai, am avut o întrebare pentru domnul cu codita ca se ocupa de biciclete """"le curata cred"""" și mia răspuns într-un mod neplăcut plus ca se uita la mine de parca i-am furat bicicleta... Nu e chiar plăcut. Va mulțumesc!"
Aderenta buna atat la urcare cat si la coborare pe diferite tipuri de teren totusi la coborare marginea ce ar trebui sa protejeze maleola si partea din spate este mult prea dura si raneste piciorul.,439345,"{'choices': ['product - positive', 'product - negative']}",22,product; product,product,Positive; Negative,manual,Aderenta buna atat la urcare cat si la coborare pe diferite tipuri de teren totusi la coborare marginea ce ar trebui sa protejeze maleola si partea din spate este mult prea dura si raneste piciorul.
"Am platit la casa printre alte produse, o pereche de ochelari de soare pt. ciclism,si cu amabilitatea doamnei casiere nu i-am regasit in punga de cumparaturi, desi pe bon erau . Va multumesc !",438433,staff competency - negative,22,staff competency,staff competency,Negative,manual,"Am platit la casa printre alte produse, o pereche de ochelari de soare pt. ciclism,si cu amabilitatea doamnei casiere nu i-am regasit in punga de cumparaturi, desi pe bon erau . Va multumesc !"
Nu gasesc mereu ce-mi place dar e oarecum ok.,438994,shop diversity - negative,22,shop diversity,shop diversity,Negative,manual,Nu gasesc mereu ce-mi place dar e oarecum ok.
Mirosul pregnant de cauciuc ars venit de la atelierul de reparații din interiorul magazinului . Chiar nu am putut sa mai rămân la raionul unde sunt expuse produsele la promoție.  Multi clienți nu mai erau atenți la produse ci se întrebau 'ce arde?' .,438635,environment - negative,22,environment,environment,Negative,manual,Mirosul pregnant de cauciuc ars venit de la atelierul de reparații din interiorul magazinului . Chiar nu am putut sa mai rămân la raionul unde sunt expuse produsele la promoție. Multi clienți nu mai erau atenți la produse ci se întrebau 'ce arde?' .
"Sa stiti ca mi s-a parut mult mai bine ca data trecuta, cand oricum a fost super:)))",438928,misc - neutral,22,misc,misc,Neutral,manual,"Sa stiti ca mi s-a parut mult mai bine ca data trecuta, cand oricum a fost super:)))"
"Am cumparat 340 si nu sunt multumit de bicicleta, as putea sa vin sa o schimb cu o 500 sau 520 + diferenta de bani ?",438501,product - negative,22,product,product,Negative,manual,"Am cumparat 340 si nu sunt multumit de bicicleta, as putea sa vin sa o schimb cu o 500 sau 520 + diferenta de bani ?"
"Lipsa personalului la standurile cu mărfuri care să ofere anumite lămuriri ceea ce dă impresia de harababură(mărfuri nearanjate sau puse la alte standuri).Există marfă pentru cam toate buzunarele și raportul calitate/preț este, în general,  bun.Totul este perfectibil.Și ofertanții și clienții.Toate cele bune.",438607,"{'choices': ['price - positive', 'quality - positive', 'shop diversity - positive', 'shop organization - negative', 'staff availability - negative']}",22,price; quality; shop diversity; shop organization; staff availability,price; quality; shop diversity; shop organization; staff availability,Positive; Positive; Positive; Negative; Negative,manual,"Lipsa personalului la standurile cu mărfuri care să ofere anumite lămuriri ceea ce dă impresia de harababură(mărfuri nearanjate sau puse la alte standuri).Există marfă pentru cam toate buzunarele și raportul calitate/preț este, în general, bun.Totul este perfectibil.Și ofertanții și clienții.Toate cele bune."
Ar trebui să se găsescă o gamă mai completă de produse chiar dacă nu sunt de sezon.,438877,shop diversity - negative,22,shop diversity,shop diversity,Negative,manual,Ar trebui să se găsescă o gamă mai completă de produse chiar dacă nu sunt de sezon.
"Imi place magaziunul, mai ales ca gasesc tot ce-mi trebuie pentru copii.",438826,shop diversity - positive,22,shop diversity,shop diversity,Positive,manual,"Imi place magaziunul, mai ales ca gasesc tot ce-mi trebuie pentru copii."
"Proces de prelucrare al comenzilor destul de lung, fata de concurenta.",439288,service - negative,22,service,service,Negative,manual,"Proces de prelucrare al comenzilor destul de lung, fata de concurenta."
"Pot recomanda magazinul dvs doar celor care pot si sunt dispusi sa plateasca destul de mult pt diverse produse. Este frustrant faptul ca magazinul dvs practica preturi in valoare absoluta cel putin egale (daca nu chiar mai mari) decat preturile din acelasi tip de magazin din Franta (chiar in Paris). Puterea noastra de cumparare este mult inferioara puterii de cumparare a francezilor, ceea ce inseamna ca dvs vindeti produsele la preturi mult mai mari decat in Franta daca ne raportam la puterea reala de cumparare din Bucuresti versus Paris.In concluzie, va vizitez destul de rar din cauza preturilor ridicate, iar atunci cand vin in magazinul dvs incerc sa cumpar doar acele produse pe care nu le gasesc deja in alta parte la preturi mult mai ok.",438740,price - negative,22,price,price,Negative,manual,"Pot recomanda magazinul dvs doar celor care pot si sunt dispusi sa plateasca destul de mult pt diverse produse. Este frustrant faptul ca magazinul dvs practica preturi in valoare absoluta cel putin egale (daca nu chiar mai mari) decat preturile din acelasi tip de magazin din Franta (chiar in Paris). Puterea noastra de cumparare este mult inferioara puterii de cumparare a francezilor, ceea ce inseamna ca dvs vindeti produsele la preturi mult mai mari decat in Franta daca ne raportam la puterea reala de cumparare din Bucuresti versus Paris.In concluzie, va vizitez destul de rar din cauza preturilor ridicate, iar atunci cand vin in magazinul dvs incerc sa cumpar doar acele produse pe care nu le gasesc deja in alta parte la preturi mult mai ok."
Preturi corecte si nu speculeaza produsele de sezon ca in alte magazine de profil,438967,price - positive,22,price,price,Positive,manual,Preturi corecte si nu speculeaza produsele de sezon ca in alte magazine de profil
"Am schimbat roata fiului meu, dupa ce o masina in parcare i-a indoit roata originala la un Rockrider 500. Totul este la fel ca inainte acuma.",439035,service - positive,22,service,service,Positive,manual,"Am schimbat roata fiului meu, dupa ce o masina in parcare i-a indoit roata originala la un Rockrider 500. Totul este la fel ca inainte acuma."
"E Ok pentru purtat la sala, la alergare si nici nu e scump.",439261,"{'choices': ['product - positive', 'price - positive']}",22,product; price,product; price,Positive; Positive,manual,"E Ok pentru purtat la sala, la alergare si nici nu e scump."
"Va rog sa-mi spuneti,pretul este pentru 1 ( unu ) brant,sau pentru perechea de 2 ( doua ) branturi ?  Va multumesc.",439034,misc - neutral,22,misc,misc,Neutral,manual,"Va rog sa-mi spuneti,pretul este pentru 1 ( unu ) brant,sau pentru perechea de 2 ( doua ) branturi ? Va multumesc."
Articole foarte frumoase si se buna calitate.Colaborare cu clientii in vederea satisfacerii nevoilor.Promptitudine.Bravo Decathlon!,439193,"{'choices': ['product - positive', 'quality - positive', 'staff competency - positive']}",22,product; quality; staff competency,product; quality; staff competency,Positive; Positive; Positive,manual,Articole foarte frumoase si se buna calitate.Colaborare cu clientii in vederea satisfacerii nevoilor.Promptitudine.Bravo Decathlon!
"Am cerut lamuriri despre produsele ce ma interesau si nu erau la raft iar personalul a fost promt in raspunsuri si cautari pe site dar nu am putut face comanda in magazin. Personalul m-a sfatuit sa fac comanda pe site. La comanda pe site am primit un raspuns telefonic naucitor: """"Produsul comandat e scos de la vanzare datorita..."""" produs care inca se gasea pe rafturi cu alte marimi.",439352,"{'choices': ['staff competency - positive', 'staff competency - negative']}",22,staff competency; staff competency,staff competency,Positive; Negative,manual,"Am cerut lamuriri despre produsele ce ma interesau si nu erau la raft iar personalul a fost promt in raspunsuri si cautari pe site dar nu am putut face comanda in magazin. Personalul m-a sfatuit sa fac comanda pe site. La comanda pe site am primit un raspuns telefonic naucitor: """"Produsul comandat e scos de la vanzare datorita..."""" produs care inca se gasea pe rafturi cu alte marimi."
"Actualizarea site-ului. E greu de accesat in general si de pe mobile in special, mai ales cand cauti un anumit produs. Navigarea e foarte dificila.",438970,tech support - negative,22,tech support,tech support,Negative,manual,"Actualizarea site-ului. E greu de accesat in general si de pe mobile in special, mai ales cand cauti un anumit produs. Navigarea e foarte dificila."
"Este o geanta foarte interesanta. Este perfecta pentru un pescuit rapid. Poti depozita in interior aproximativ tot ce este nevoie pentru un pescuit de 24h. Are o masa in interior, care se poate scoate si folosi separat. Eu sunt foarte multumit de ea! O recomand!",439196,product - positive,22,product,product,Positive,manual,"Este o geanta foarte interesanta. Este perfecta pentru un pescuit rapid. Poti depozita in interior aproximativ tot ce este nevoie pentru un pescuit de 24h. Are o masa in interior, care se poate scoate si folosi separat. Eu sunt foarte multumit de ea! O recomand!"
"vine cu suport de prindere pe cadru, mânerul pistonului are un sistem ce previne desfacerea accidentala, pistonul devine eficient încă de la începutul cursei. Neașteptat de robusta. Foarte mulțumit pana în prezent.",439006,product - positive,22,product,product,Positive,manual,"vine cu suport de prindere pe cadru, mânerul pistonului are un sistem ce previne desfacerea accidentala, pistonul devine eficient încă de la începutul cursei. Neașteptat de robusta. Foarte mulțumit pana în prezent."
Au disparut pantofii de alergare marca Asics dar nici pentru fetita mea de 8 ani nu am gasit o pereche de incaltari sport acceptabile.,439337,shop diversity - negative,22,shop diversity,shop diversity,Negative,manual,Au disparut pantofii de alergare marca Asics dar nici pentru fetita mea de 8 ani nu am gasit o pereche de incaltari sport acceptabile.
"Mai multa ordine in cabinele de proba, sa nu mai fie produse de la alti clienti.",438718,shop organization - negative,22,shop organization,shop organization,Negative,manual,"Mai multa ordine in cabinele de proba, sa nu mai fie produse de la alti clienti."
Am achizitionat astazi o bicicleta pliabila tilt 120 si la serviciul de montaj-biciclete am gasit niste baieti super ok si deschisi sa te ajute cu orice lamurire. Georgian a fost foarte amabil si mi-a recomandat chiar si o casca de protectie pe care am si achizitionat-o .Apreciez caliatea serviciilor si buna dispozitie a baietilor amabili !!!,438989,"{'choices': ['service - positive', 'staff competency - positive']}",22,service; staff competency,service; staff competency,Positive; Positive,manual,Am achizitionat astazi o bicicleta pliabila tilt 120 si la serviciul de montaj-biciclete am gasit niste baieti super ok si deschisi sa te ajute cu orice lamurire. Georgian a fost foarte amabil si mi-a recomandat chiar si o casca de protectie pe care am si achizitionat-o .Apreciez caliatea serviciilor si buna dispozitie a baietilor amabili !!!
"Am fost informat de un angajat , sa nu fiu necajit ca nu gasesc marime ca se poate rezerva in magazin , am vrut sa cumpar o pereche de bocanci . nici pana azi nu am fost sunat , desi au trecut 2 saptamani.",439390,"{'choices': ['staff competency - positive', 'service - negative']}",22,staff competency; service,staff competency; service,Positive; Negative,manual,"Am fost informat de un angajat , sa nu fiu necajit ca nu gasesc marime ca se poate rezerva in magazin , am vrut sa cumpar o pereche de bocanci . nici pana azi nu am fost sunat , desi au trecut 2 saptamani."
Erau 30 de persoane la coada si o singura casa deschisa.,439091,service - negative,22,service,service,Negative,manual,Erau 30 de persoane la coada si o singura casa deschisa.
"Am vrut sa comand aparatul de vaslit concept 2 model d , dar nu am reusit. Personalul ridica din umeri cand intrebai daca se poate comanda si un timp aproximativ de livrare. Nici nu stiau sa-mi explice detalii despre el (principiul de functionare, daca sunt variante mai bune, etc).  Pretul este ok, cam cat e si pe afara, pacat ca nu am reusit sa-l cumpar sau macar sa il comand.Alt aspect, nu inteleg de ce nu uniti stocurile magazinelor fizice cu cel online. Este frustrant sa nu poti comanda online un produs, dar el sa fie in stoc intr-un magazin fizic.",438441,"{'choices': ['price - positive', 'shop organization - negative', 'staff competency - negative']}",22,price; shop organization; staff competency,price; shop organization; staff competency,Positive; Negative; Negative,manual,"Am vrut sa comand aparatul de vaslit concept 2 model d , dar nu am reusit. Personalul ridica din umeri cand intrebai daca se poate comanda si un timp aproximativ de livrare. Nici nu stiau sa-mi explice detalii despre el (principiul de functionare, daca sunt variante mai bune, etc). Pretul este ok, cam cat e si pe afara, pacat ca nu am reusit sa-l cumpar sau macar sa il comand.Alt aspect, nu inteleg de ce nu uniti stocurile magazinelor fizice cu cel online. Este frustrant sa nu poti comanda online un produs, dar el sa fie in stoc intr-un magazin fizic."
"Triban 100 - concept bun, dar nu functioneazaIn primul rand vreau sa multumesc echipei Bike de la Decathon Craiova pentru amabilitate si profesionalism. Servicii si asistenta de invidiat.Am testat bicicleta timp de o zi si am facut aprox. 50Km in jurul orasului.Pot sa trec multe probleme cu vederea la bicicleta asta, avand in vedere pretul, dar transmisia este total gresit conceputa.Are 7 pinioane de la 14 la 34 (MegaRange Shimano) si foaia de angrenaj de 48T.Cu rapoartele acestea nu poti sa urci niciun deal ceva mai serios, nu poti!Este un raport mult prea mare.Voiam sa cumpar una (ca bicicleta aditionala) in ideea sa o upgradez in viitor, dar sunt prea multe de upgradat. Nu poti monta alte pinioane decat daca schimbi butucul spate (sau mai simplu roata cu totul) si atunci trebuie sa schimbi si angrenajul cu altul cu o foaie mai mica.Si daca stai sa calculezi cate trebuie modificate (Roata, pinioane, maneta, lant, angrenaj/foaie) deja nu mai pare ok pretul de 1.300 de lei...Bonus info: am 1.82m inaltime, am testat in magazin marimile M, L si XL si pana la urma am plecat in teste cu XL.Inca un prieten care a testat acelasi model are 1.74m inaltime a plecat in teste cu marimea M. Cei de la Decathon Craiova i-au recomandat marimea L, dar el a luat M. Dupa cativa Km a realizat ca trebuia sa ia marimea L :).Ca sfat pentru modelul viitor: pinioane pe caseta si foaie mai mica de 48T.Succes!",438506,"{'choices': ['price - positive', 'product - negative', 'service - positive', 'staff competency - positive']}",22,price; product; service; staff competency,price; product; service; staff competency,Positive; Negative; Positive; Positive,manual,"Triban 100 - concept bun, dar nu functioneazaIn primul rand vreau sa multumesc echipei Bike de la Decathon Craiova pentru amabilitate si profesionalism. Servicii si asistenta de invidiat.Am testat bicicleta timp de o zi si am facut aprox. 50Km in jurul orasului.Pot sa trec multe probleme cu vederea la bicicleta asta, avand in vedere pretul, dar transmisia este total gresit conceputa.Are 7 pinioane de la 14 la 34 (MegaRange Shimano) si foaia de angrenaj de 48T.Cu rapoartele acestea nu poti sa urci niciun deal ceva mai serios, nu poti!Este un raport mult prea mare.Voiam sa cumpar una (ca bicicleta aditionala) in ideea sa o upgradez in viitor, dar sunt prea multe de upgradat. Nu poti monta alte pinioane decat daca schimbi butucul spate (sau mai simplu roata cu totul) si atunci trebuie sa schimbi si angrenajul cu altul cu o foaie mai mica.Si daca stai sa calculezi cate trebuie modificate (Roata, pinioane, maneta, lant, angrenaj/foaie) deja nu mai pare ok pretul de 1.300 de lei...Bonus info: am 1.82m inaltime, am testat in magazin marimile M, L si XL si pana la urma am plecat in teste cu XL.Inca un prieten care a testat acelasi model are 1.74m inaltime a plecat in teste cu marimea M. Cei de la Decathon Craiova i-au recomandat marimea L, dar el a luat M. Dupa cativa Km a realizat ca trebuia sa ia marimea L :).Ca sfat pentru modelul viitor: pinioane pe caseta si foaie mai mica de 48T.Succes!"
Vin destul de des în magazin având în vedere ca cel mai apropiat este la cca 90km de loc mea,439272,misc - neutral,22,misc,misc,Neutral,manual,Vin destul de des în magazin având în vedere ca cel mai apropiat este la cca 90km de loc mea
"Vizita la magazin a fost foarte placuta, personalul foarte amabil si am gasit tot ce am dorit. Ar trebuie extinsa perioada de reparatii pentru ski-uri, deoarece in acest an sezonul de ski inca nu s-a terminat.",439164,"{'choices': ['staff competency - positive', 'shop diversity - positive', 'service - negative']}",22,staff competency; shop diversity; service,staff competency; shop diversity; service,Positive; Positive; Negative,manual,"Vizita la magazin a fost foarte placuta, personalul foarte amabil si am gasit tot ce am dorit. Ar trebuie extinsa perioada de reparatii pentru ski-uri, deoarece in acest an sezonul de ski inca nu s-a terminat."
"Am cumpărat pentru o suma importantă, iar casierul a refuzat să-mi pună punctele pe card,pentru că a fost prea iute. Am dat bani prima data si imediat cardul, dar tânărul nu l-a primit, mai rău, nici n-a cerut cardul.",438490,staff competency - negative,22,staff competency,staff competency,Negative,manual,"Am cumpărat pentru o suma importantă, iar casierul a refuzat să-mi pună punctele pe card,pentru că a fost prea iute. Am dat bani prima data si imediat cardul, dar tânărul nu l-a primit, mai rău, nici n-a cerut cardul."
"Ma simt de fiecare data bine la Decathlon.Sper sa nu imi tulbure ceva, sau cineva aceasta stare de bine cand va vizitez.",439206,misc - neutral,22,misc,misc,Neutral,manual,"Ma simt de fiecare data bine la Decathlon.Sper sa nu imi tulbure ceva, sau cineva aceasta stare de bine cand va vizitez."
Nu recomand cumparaturi sambata si duminica. Am stat 2 ore ca sa mi se monteze o bicicleta de copii.  Da 2-ore.,438357,service - negative,22,service,service,Negative,manual,Nu recomand cumparaturi sambata si duminica. Am stat 2 ore ca sa mi se monteze o bicicleta de copii. Da 2-ore.
"Am plasat o comanda on-line, care nici astazi nu am orimit nici un status.",438426,tech support - negative,22,tech support,tech support,Negative,manual,"Am plasat o comanda on-line, care nici astazi nu am orimit nici un status."
"Nu am gasit mai nimic din ceea ce cautam, respectiv produse pentru schi. Desi pe site scria ca sunt disponibile in magazin, nu am gasit nimic, iar explicatiile personalului au fost de genul """"daca e la raft bine, daca nu, asta e"""", ori asta vedeam si eu nu trebuia platit personal sa-mi spuna acest lucru. Trebuie imbunatatite cunostiintele personalului despre produse si disponibilitatea acestora, iar daca nu sunt cele care le doresc, sa faca recomandari pentru produse similare.",438580,"{'choices': ['shop diversity - negative', 'shop organization - negative', 'staff competency - negative']}",22,shop diversity; shop organization; staff competency,shop diversity; shop organization; staff competency,Negative; Negative; Negative,manual,"Nu am gasit mai nimic din ceea ce cautam, respectiv produse pentru schi. Desi pe site scria ca sunt disponibile in magazin, nu am gasit nimic, iar explicatiile personalului au fost de genul """"daca e la raft bine, daca nu, asta e"""", ori asta vedeam si eu nu trebuia platit personal sa-mi spuna acest lucru. Trebuie imbunatatite cunostiintele personalului despre produse si disponibilitatea acestora, iar daca nu sunt cele care le doresc, sa faca recomandari pentru produse similare."
"Buna ziua,am cumparat mingia acum 4 zile ,dupa tot acest timp s-a descusut un colt al peticelui.",439371,quality - negative,22,quality,quality,Negative,manual,"Buna ziua,am cumparat mingia acum 4 zile ,dupa tot acest timp s-a descusut un colt al peticelui."
Toata familia mea are incaltaminte din aceasta gama si suntem multumiti !!!,439066,product - positive,22,product,product,Positive,manual,Toata familia mea are incaltaminte din aceasta gama si suntem multumiti !!!
"Voi recomanda acest site deoarece sunt foarte mulțumită de produse, de seriozitatea cu care se lucrează și timpul de livrare, dar și modul în care se procedează atunci când vrei sa schimbi  un produs.",439068,"{'choices': ['delivery - positive', 'product - positive', 'return warranty - positive', 'staff competency - positive', 'tech support - positive']}",22,delivery; product; return warranty; staff competency; tech support,delivery; product; return warranty; staff competency; tech support,Positive; Positive; Positive; Positive; Positive,manual,"Voi recomanda acest site deoarece sunt foarte mulțumită de produse, de seriozitatea cu care se lucrează și timpul de livrare, dar și modul în care se procedează atunci când vrei sa schimbi un produs."
Am comandat un L (86-89 cm) si am primit un L (96-100) care e de fapt in tabel XL ... ROG REZOLVATI PROBLEMA CU ACEL TABEL,438775,shop organization - negative,22,shop organization,shop organization,Negative,manual,Am comandat un L (86-89 cm) si am primit un L (96-100) care e de fapt in tabel XL ... ROG REZOLVATI PROBLEMA CU ACEL TABEL
"După prima purtare (aprox. o jumătate de oră ) a trebuit sa îi dau jos din cauză că mă strângeau foarte tare pe lateral. Mi-au lăsat urme pe piele, au o construcție foarte strâmtă, deși nu par....când i-am probat în magazin păreau în regulă.  Din păcate nu îi recomand.",438321,product - negative,22,product,product,Negative,manual,"După prima purtare (aprox. o jumătate de oră ) a trebuit sa îi dau jos din cauză că mă strângeau foarte tare pe lateral. Mi-au lăsat urme pe piele, au o construcție foarte strâmtă, deși nu par....când i-am probat în magazin păreau în regulă. Din păcate nu îi recomand."
produse equareea si pentru copii de la 7-8 ani in sus,438867,shop diversity - negative,22,shop diversity,shop diversity,Negative,manual,produse equareea si pentru copii de la 7-8 ani in sus
"Buna ziua,In raspunsurile mele ma refer la calitatea personalului de la casa de marcat. Am cumparat un flacon cu L-carnitina si a doua zi am vazut pe bon ca erau marcate 2 bucati. Foarte urat gestul casierei! Ma simt furata si total dezamagita. Aceasta intamplare o voi spune tuturor celor din jurul meu.  Daca pana acum eram fascinata de Decathlon, de acum inainte nu voi mai vizita magazinul Dvs.",438411,staff competency - negative,22,staff competency,staff competency,Negative,manual,"Buna ziua,In raspunsurile mele ma refer la calitatea personalului de la casa de marcat. Am cumparat un flacon cu L-carnitina si a doua zi am vazut pe bon ca erau marcate 2 bucati. Foarte urat gestul casierei! Ma simt furata si total dezamagita. Aceasta intamplare o voi spune tuturor celor din jurul meu. Daca pana acum eram fascinata de Decathlon, de acum inainte nu voi mai vizita magazinul Dvs."
"Marfa cumparata online a corespuns exact descrierii de pe site . Din pacate, transportul are un pret cam ridicat.",438979,"{'choices': ['delivery - negative', 'tech support - positive']}",22,delivery; tech support,delivery; tech support,Negative; Positive,manual,"Marfa cumparata online a corespuns exact descrierii de pe site . Din pacate, transportul are un pret cam ridicat."
"Am fost abordati si coordonati de unul din angajati intr-un mod f placut, a fost deschisa alta casa de marcat desi eram 3 clienti la coada.",438801,"{'choices': ['service - positive', 'staff competency - positive']}",22,service; staff competency,service; staff competency,Positive; Positive,manual,"Am fost abordati si coordonati de unul din angajati intr-un mod f placut, a fost deschisa alta casa de marcat desi eram 3 clienti la coada."
PE SITE FIGURA BICICLETA PE STOC DAR IN MAGAZIN NU MAI ERA AM FOST SUNAT URMATOAREA ZI CA SA VIN SA O RIDIC,438883,shop organization - negative,22,shop organization,shop organization,Negative,manual,PE SITE FIGURA BICICLETA PE STOC DAR IN MAGAZIN NU MAI ERA AM FOST SUNAT URMATOAREA ZI CA SA VIN SA O RIDIC
"II folosesc de apoximativ 10 luni, 3 zile pe saptamana.Asa cum scrie si in descriere, sunt pentru uz ocazional, nu pentru uz constant.Se aburesc incredibil de repede, dupa cateva luni de folosire au inceput sa se desprinda de pe fata in timpul inoului, iar in ceea ce priveste utilizarea lor in bazinele exterioare, pot sa va asigur ca va orbeste soarele.",438589,"{'choices': ['product - negative', 'quality - negative']}",22,product; quality,product; quality,Negative; Negative,manual,"II folosesc de apoximativ 10 luni, 3 zile pe saptamana.Asa cum scrie si in descriere, sunt pentru uz ocazional, nu pentru uz constant.Se aburesc incredibil de repede, dupa cateva luni de folosire au inceput sa se desprinda de pe fata in timpul inoului, iar in ceea ce priveste utilizarea lor in bazinele exterioare, pot sa va asigur ca va orbeste soarele."
"Foarte multe produse fara pret, ori preturi neactualizate!rafturi goale si marfa ravasita.",438686,"{'choices': ['shop diversity - negative', 'shop organization - negative']}",22,shop diversity; shop organization,shop diversity; shop organization,Negative; Negative,manual,"Foarte multe produse fara pret, ori preturi neactualizate!rafturi goale si marfa ravasita."
"Toate bune si frumoase dar, e pentru a doua oara cand ajung in Decathlon si nu ma pot intelege cu persoana de langa mine din cauza volumului muzicii din interiorul magazinului. Ar trebui sa fie ambientala, nu concert.",438853,environment - negative,22,environment,environment,Negative,manual,"Toate bune si frumoase dar, e pentru a doua oara cand ajung in Decathlon si nu ma pot intelege cu persoana de langa mine din cauza volumului muzicii din interiorul magazinului. Ar trebui sa fie ambientala, nu concert."
"Lungimea acopera intreg piciorul,lucru pe care nu l-am mai gasit la genul acesta de pantaloni.Apoi croiul mi se potriveste perfect, fara aripioare.Materialul moale dar elastic muleaza perfect pantalonul pe trup.sunt minunati de aceea mi-am achizitionat multe perechi.",439021,product - positive,22,product,product,Positive,manual,"Lungimea acopera intreg piciorul,lucru pe care nu l-am mai gasit la genul acesta de pantaloni.Apoi croiul mi se potriveste perfect, fara aripioare.Materialul moale dar elastic muleaza perfect pantalonul pe trup.sunt minunati de aceea mi-am achizitionat multe perechi."
"Suportul este extrem de accesibil si foarte usor de montat. Eu sunt extrem de multumit de el,deoarece nu trebuie sa ai neaparat bidon,poti pune in el orice sticla de 0.5l.",439246,product - positive,22,product,product,Positive,manual,"Suportul este extrem de accesibil si foarte usor de montat. Eu sunt extrem de multumit de el,deoarece nu trebuie sa ai neaparat bidon,poti pune in el orice sticla de 0.5l."
"Magazin organizat excelent ca si toate celelalte din Bucuresti si din tara, va astept la Galati, eu si multi altii care nu va ocolesc in drumurile lor.",439231,shop organization - positive,22,shop organization,shop organization,Positive,manual,"Magazin organizat excelent ca si toate celelalte din Bucuresti si din tara, va astept la Galati, eu si multi altii care nu va ocolesc in drumurile lor."
"Promptitudine, cautam un produs ce nu se afla nici in magazinul online si nici in cel din Baneasa, astazi am fost anuntata ca l-au primit si e rezervat.",439271,staff competency - positive,22,staff competency,staff competency,Positive,manual,"Promptitudine, cautam un produs ce nu se afla nici in magazinul online si nici in cel din Baneasa, astazi am fost anuntata ca l-au primit si e rezervat."
Am achizitionat o bicicleta B‘TWIN si pana acum sunt foarte multumit de produs. Raportat pret -calitate este ok.,439191,"{'choices': ['product - positive', 'quality - positive', 'price - positive']}",22,product; quality; price,product; quality; price,Positive; Positive; Positive,manual,Am achizitionat o bicicleta B‘TWIN si pana acum sunt foarte multumit de produs. Raportat pret -calitate este ok.
"Se simte cum iti ingheata picioarele si la temperaturi mai mari de -5 grade pentru distante scurte de mers si pentru perioade scurte timp.Si cand eram in masina si desi era cald, degetele de la picoare tot inghetate le simteam.",438278,product - negative,22,product,product,Negative,manual,"Se simte cum iti ingheata picioarele si la temperaturi mai mari de -5 grade pentru distante scurte de mers si pentru perioade scurte timp.Si cand eram in masina si desi era cald, degetele de la picoare tot inghetate le simteam."
la sectiunea incaltaminte sa existe si varietate de numere pe sortimente,438700,shop diversity - negative,22,shop diversity,shop diversity,Negative,manual,la sectiunea incaltaminte sa existe si varietate de numere pe sortimente
Personalul de la casa de marcat ar trebui sa fie mai comunicativi si sa nu vorbeasca clientului deranjat ca nu are cardul de fidelitate la el,438638,staff competency - negative,22,staff competency,staff competency,Negative,manual,Personalul de la casa de marcat ar trebui sa fie mai comunicativi si sa nu vorbeasca clientului deranjat ca nu are cardul de fidelitate la el
"Am întrebat o persoană de la dept ciclism despre compatibilitatea unui portbagaj cu un Rockrider 340 și răspunsul a fost că da. Cumva nu am fost foarte convins și am """"probat"""" portbajaul pe bicicletă, observând că bate în roată. După o analiză mai atentă am remarcat că portbagajul era pentru biciclete pliabile, cu roți mici. Un răspuns competent ar fi implicat, din partea acelui angajat, analiza și confruntarea tuturor informațiilor înainte de a edifica un răspuns, pentru a fi 100% sigur că acel răspuns este cel corect.",438660,staff competency - negative,22,staff competency,staff competency,Negative,manual,"Am întrebat o persoană de la dept ciclism despre compatibilitatea unui portbagaj cu un Rockrider 340 și răspunsul a fost că da. Cumva nu am fost foarte convins și am """"probat"""" portbajaul pe bicicletă, observând că bate în roată. După o analiză mai atentă am remarcat că portbagajul era pentru biciclete pliabile, cu roți mici. Un răspuns competent ar fi implicat, din partea acelui angajat, analiza și confruntarea tuturor informațiilor înainte de a edifica un răspuns, pentru a fi 100% sigur că acel răspuns este cel corect."
"Diversificarea gamei de mijloc. Ex: incalataminte barbati, munte, multe produse in jur de 100 ron si multe peste 400 ron. Gama intre 200 si 300 ron destul de saraca.",438594,shop diversity - negative,22,shop diversity,shop diversity,Negative,manual,"Diversificarea gamei de mijloc. Ex: incalataminte barbati, munte, multe produse in jur de 100 ron si multe peste 400 ron. Gama intre 200 si 300 ron destul de saraca."
Aveti lucruri de calitate si sunt multumit de tot ce cumpăr.,439217,"{'choices': ['quality - positive', 'product - positive']}",22,quality; product,quality; product,Positive; Positive,manual,Aveti lucruri de calitate si sunt multumit de tot ce cumpăr.
"Asteptam si colectia de toamna - iarna la preturi atractive, am dorit doar casca pentru inot pentru fetita pentru ultimile zile de vacanta. In rest nu am cautat ceva special.",438753,misc - neutral,22,misc,misc,Neutral,manual,"Asteptam si colectia de toamna - iarna la preturi atractive, am dorit doar casca pentru inot pentru fetita pentru ultimile zile de vacanta. In rest nu am cautat ceva special."
M-au pus sa cumpăr de peste 300 RON ca sa pot cumpara in rate cu Cardul Avantaj.,439137,service - negative,22,service,service,Negative,manual,M-au pus sa cumpăr de peste 300 RON ca sa pot cumpara in rate cu Cardul Avantaj.
"S-ar putea diversifica gama de accesorii pentru sporturi nautice. Wakeboards, water skis, ochelari plutitori, etc",438938,shop diversity - negative,22,shop diversity,shop diversity,Negative,manual,"S-ar putea diversifica gama de accesorii pentru sporturi nautice. Wakeboards, water skis, ochelari plutitori, etc"
Calitate super dar nu am găsit pe mărime doar un pic mai mare...,438810,"{'choices': ['quality - positive', 'shop diversity - negative']}",22,quality; shop diversity,quality; shop diversity,Positive; Negative,manual,Calitate super dar nu am găsit pe mărime doar un pic mai mare...
"Sunt multumita de produsele Decathlon,ma bucur ca pot sa cumpar online,si curierul livreaza repede,multumesc Decathlon!",438939,"{'choices': ['delivery - positive', 'product - positive', 'service - positive']}",22,delivery; product; service,delivery; product; service,Positive; Positive; Positive,manual,"Sunt multumita de produsele Decathlon,ma bucur ca pot sa cumpar online,si curierul livreaza repede,multumesc Decathlon!"
"Pretul s-a schimbat la un produs de la raft pana la casa,jenant.",439351,shop organization - negative,22,shop organization,shop organization,Negative,manual,"Pretul s-a schimbat la un produs de la raft pana la casa,jenant."
"Personalul angajat nu are nici un interes sa atragă clienții,sunt tineri si chiar nu îi interesează de client.Am cerut informării legate de card si mi s-a răspuns ca vin pe mail.am întrebat de puncte si mi s-a răspuns sa îmi verific mailul după 48h....??? Ciudat,chiar ironic răspunsul.",438418,staff competency - negative,22,staff competency,staff competency,Negative,manual,"Personalul angajat nu are nici un interes sa atragă clienții,sunt tineri si chiar nu îi interesează de client.Am cerut informării legate de card si mi s-a răspuns ca vin pe mail.am întrebat de puncte si mi s-a răspuns sa îmi verific mailul după 48h....??? Ciudat,chiar ironic răspunsul."
"Dezamăgitor.  Din cauză că nu am avut emailul cu cuponul de reducere și ca nu funcționa sistemul, a doua oară....nu am putut beneficia de reducere.",438450,service - negative,22,service,service,Negative,manual,"Dezamăgitor. Din cauză că nu am avut emailul cu cuponul de reducere și ca nu funcționa sistemul, a doua oară....nu am putut beneficia de reducere."
"Mi-ar placea cand sunt in magazinul vostru indiferent in ce loc ma afli in el daca am nevoie de o informatie sa aiba cine sa mi-o dea, dar corecta nu cum am patit, am intrebat daca mai sunt treninguri in afara de ce am vazut  si m-a trimis in alta parte decat cele care le-am vazut, in partea opusa a magazinului si cand am ajuns acolo nu era nici urma de trening si m-am intors in acelasi loc...",438728,staff competency - negative,22,staff competency,staff competency,Negative,manual,"Mi-ar placea cand sunt in magazinul vostru indiferent in ce loc ma afli in el daca am nevoie de o informatie sa aiba cine sa mi-o dea, dar corecta nu cum am patit, am intrebat daca mai sunt treninguri in afara de ce am vazut si m-a trimis in alta parte decat cele care le-am vazut, in partea opusa a magazinului si cand am ajuns acolo nu era nici urma de trening si m-am intors in acelasi loc..."
"Am facut o comanda pe site, am sunat la nr. de contact al magazinului online sa intreb daca poate fi livrata pana la o anumita data, mi s-a spus ca da, iar peste 30 de minute am fost anuntata ca mi s-a anulat comanda pt ca produsele comandate nu sunt pe stoc la magazinul din Iasi!!! Si ca solutie, sa sun eu la celelalte magazine din tara, sa verfic daca au produsele dorite de mine si in ce conditii mi le pot livra. Dezamagire maxima!",438403,"{'choices': ['service - negative', 'staff competency - negative']}",22,service; staff competency,service; staff competency,Negative; Negative,manual,"Am facut o comanda pe site, am sunat la nr. de contact al magazinului online sa intreb daca poate fi livrata pana la o anumita data, mi s-a spus ca da, iar peste 30 de minute am fost anuntata ca mi s-a anulat comanda pt ca produsele comandate nu sunt pe stoc la magazinul din Iasi!!! Si ca solutie, sa sun eu la celelalte magazine din tara, sa verfic daca au produsele dorite de mine si in ce conditii mi le pot livra. Dezamagire maxima!"
Cabinele de proba trebuiesc dotate cu cuiere daca acestea se rup in timp,439079,shop organization - negative,22,shop organization,shop organization,Negative,manual,Cabinele de proba trebuiesc dotate cu cuiere daca acestea se rup in timp
schimbatul locurilor produselor te cam face sa-ti pierzi rabdarea cand cauti ceva!,438845,shop organization - negative,22,shop organization,shop organization,Negative,manual,schimbatul locurilor produselor te cam face sa-ti pierzi rabdarea cand cauti ceva!
"A trebuit sa rog pe cineva sa imi cumpere rucsacul din Suceava pentru ca pe Iasi nu a functionat optiunea de Click and collect. Comanda facuta online pe 26.06.2016, 2 telefoane la magazin si nici un raspuns primit nici pana acum. Dezamagire totala de servicii.Noroc de produs, ca este ok la raportul calitate-pret.",438944,"{'choices': ['price - positive', 'quality - positive', 'service - negative', 'staff competency - negative', 'tech support - negative']}",22,price; quality; service; staff competency; tech support,price; quality; service; staff competency; tech support,Positive; Positive; Negative; Negative; Negative,manual,"A trebuit sa rog pe cineva sa imi cumpere rucsacul din Suceava pentru ca pe Iasi nu a functionat optiunea de Click and collect. Comanda facuta online pe 26.06.2016, 2 telefoane la magazin si nici un raspuns primit nici pana acum. Dezamagire totala de servicii.Noroc de produs, ca este ok la raportul calitate-pret."
"La marca proprie preturi accesibile,dar la cele de firma destul de piperate.",439334,"{'choices': ['price - positive', 'price - negative']}",22,price; price,price,Positive; Negative,manual,"La marca proprie preturi accesibile,dar la cele de firma destul de piperate."
"In data de 10 sept. am dus la atelier o trotineta cumparata la Decathlon pentru schimbare de roti si revizie. Nu exista roata respectiva in stoc asa ca s-a recurs la comanda. In 17 sept. m-am dus dupa trotineta si nici nu a fost atinsa. Roata nu era. S-a pus o roata mai mare care in spate e prinsa de cadru. Am sa ma duc inapoi sa fac si reclamatie. Multumesc, sorry, asta e.",438368,"{'choices': ['service - negative', 'staff competency - negative']}",22,service; staff competency,service; staff competency,Negative; Negative,manual,"In data de 10 sept. am dus la atelier o trotineta cumparata la Decathlon pentru schimbare de roti si revizie. Nu exista roata respectiva in stoc asa ca s-a recurs la comanda. In 17 sept. m-am dus dupa trotineta si nici nu a fost atinsa. Roata nu era. S-a pus o roata mai mare care in spate e prinsa de cadru. Am sa ma duc inapoi sa fac si reclamatie. Multumesc, sorry, asta e."
Mai multe produse la bărbați. ..nu aveți jachete tip polar..anul acesta este cam gol,439356,shop diversity - negative,22,shop diversity,shop diversity,Negative,manual,Mai multe produse la bărbați. ..nu aveți jachete tip polar..anul acesta este cam gol
Refuz sistematic pentru retur.După discutii doar cu conditia achiziționării altor produse,438459,return warranty - negative,22,return warranty,return warranty,Negative,manual,Refuz sistematic pentru retur.După discutii doar cu conditia achiziționării altor produse
"Amabilitatea personalului a scazut mult fata de anii trecuti, mai ales la nivelul casierilor",438641,staff competency - negative,22,staff competency,staff competency,Negative,manual,"Amabilitatea personalului a scazut mult fata de anii trecuti, mai ales la nivelul casierilor"
Pentru sportivi sa aveti o varietate mai bogata si pt pers. foarte inalte,439349,shop diversity - negative,22,shop diversity,shop diversity,Negative,manual,Pentru sportivi sa aveti o varietate mai bogata si pt pers. foarte inalte
"La ultima vizita am achizitionat 2 biciclete, prima a fost pregatita de angajatul de pe raion in 5-6 minute.Pentru cea de-a doua a trebuit sa asteptam mai mult de 20 de minute, cel de-al doilea angajat care ne-a ajutat s-a oprit de cateva ori din reglarea bicicletei ca sa dea indicatii altor clienti, dupa mai bine de 20 de minute in care a incercat sa o regleze a descoperit ca are un defect (care era trecut pe o hartie lipita pe sa). In aceeasi zi am revenit cu una din biciclete la care S-A RUPT LANTUL si atitudinea primului angajat cu care am interactionat a fost total deplasata, ne-a acuzat ca am utilizat-o noi gresit. A trebuit sa apara un alt angajat care sa constate ca lantul care fusese pe bicicleta era necorespunzator.",438552,"{'choices': ['product - negative', 'staff competency - positive', 'staff competency - negative']}",22,product; staff competency; staff competency,product; staff competency,Negative; Positive; Negative,manual,"La ultima vizita am achizitionat 2 biciclete, prima a fost pregatita de angajatul de pe raion in 5-6 minute.Pentru cea de-a doua a trebuit sa asteptam mai mult de 20 de minute, cel de-al doilea angajat care ne-a ajutat s-a oprit de cateva ori din reglarea bicicletei ca sa dea indicatii altor clienti, dupa mai bine de 20 de minute in care a incercat sa o regleze a descoperit ca are un defect (care era trecut pe o hartie lipita pe sa). In aceeasi zi am revenit cu una din biciclete la care S-A RUPT LANTUL si atitudinea primului angajat cu care am interactionat a fost total deplasata, ne-a acuzat ca am utilizat-o noi gresit. A trebuit sa apara un alt angajat care sa constate ca lantul care fusese pe bicicleta era necorespunzator."
"desi pare tentanta aceasta sa, este foarte incomoda. pentru a va da seama cum veti sta pe ea, puneti pe un scaun 2 mere de marime mica si asezati-va pe ele. nu se poate folosi. bani dati degeaba",439126,product - negative,22,product,product,Negative,manual,"desi pare tentanta aceasta sa, este foarte incomoda. pentru a va da seama cum veti sta pe ea, puneti pe un scaun 2 mere de marime mica si asezati-va pe ele. nu se poate folosi. bani dati degeaba"
Ar fi bine sa se foloseasca culoarea rosie normala la diferitele canadiene in loc de rosu-morcov rosu-visiniu.,438529,misc - neutral,22,misc,misc,Neutral,manual,Ar fi bine sa se foloseasca culoarea rosie normala la diferitele canadiene in loc de rosu-morcov rosu-visiniu.
"Jacheta RainWarm 900 3 in 1 achiziționata din magazinul online are câteva defecte, tăieturi. Voi schimba articolul in cel mai scurt timp la unul din magazinele dumneavoastră.",438347,product - negative,22,product,product,Negative,manual,"Jacheta RainWarm 900 3 in 1 achiziționata din magazinul online are câteva defecte, tăieturi. Voi schimba articolul in cel mai scurt timp la unul din magazinele dumneavoastră."
baiatul de la atelier ne ia la misto.stam sa il asteptam de 20 de minute,438409,staff competency - negative,22,staff competency,staff competency,Negative,manual,baiatul de la atelier ne ia la misto.stam sa il asteptam de 20 de minute
Ar fi bine sa se amplaseze prin magazin cititoare de preturi.,438578,service - negative,22,service,service,Negative,manual,Ar fi bine sa se amplaseze prin magazin cititoare de preturi.
"Sunt dezamăgit de faptul ca am cheltuit 30 lei pentru o camera de bicicleta Michelin Ultralight și dupa o luna de zile m-am trezit cu cauciucul pe jantă. Deși nu se pot constata urme vizibile ale unor cauze externe pentru producerea penei, ci existența unui por fin care a cedat, mi s-a replicat în magazin ca nu se ofera nicio garanție asupra produsului respectiv din momentul montării pe roată.Nu reprezintă cine știe ce efort financiar, dar, sincer, mă așteptam la o altă reacție din partea angajaților magazinului.Momentan, nu sunt dispus să vă răspund la celelalte puncte ale chestionarului.",438850,"{'choices': ['product - negative', 'quality - negative', 'return warranty - negative', 'staff competency - negative']}",22,product; quality; return warranty; staff competency,product; quality; return warranty; staff competency,Negative; Negative; Negative; Negative,manual,"Sunt dezamăgit de faptul ca am cheltuit 30 lei pentru o camera de bicicleta Michelin Ultralight și dupa o luna de zile m-am trezit cu cauciucul pe jantă. Deși nu se pot constata urme vizibile ale unor cauze externe pentru producerea penei, ci existența unui por fin care a cedat, mi s-a replicat în magazin ca nu se ofera nicio garanție asupra produsului respectiv din momentul montării pe roată.Nu reprezintă cine știe ce efort financiar, dar, sincer, mă așteptam la o altă reacție din partea angajaților magazinului.Momentan, nu sunt dispus să vă răspund la celelalte puncte ale chestionarului."
"Duc o viata activa si imi place sa practic multe sporturi, daca preturile ar fi mai bune as cumpara doar de la voi tot de ce am nevoie in activitatile mele sportive",438604,price - negative,22,price,price,Negative,manual,"Duc o viata activa si imi place sa practic multe sporturi, daca preturile ar fi mai bune as cumpara doar de la voi tot de ce am nevoie in activitatile mele sportive"
cauciucul de prindere a farului fata s-a rupt dupa numai 3 luni de la achizitionare desi l-am montat intodeauna cu atentie fara sa-l intind prea tare. Care este garantia produsului ? Multumesc,439139,"{'choices': ['product - negative', 'quality - negative']}",22,product; quality,product; quality,Negative; Negative,manual,cauciucul de prindere a farului fata s-a rupt dupa numai 3 luni de la achizitionare desi l-am montat intodeauna cu atentie fara sa-l intind prea tare. Care este garantia produsului ? Multumesc
"Am fost placut impresionat de """"rechemarea in service"""" pentru bocanci.",438777,service - positive,22,service,service,Positive,manual,"Am fost placut impresionat de """"rechemarea in service"""" pentru bocanci."
"Am cumparat destul de multe lucruri pentru diferite sporturi din acest magazin si pot spune ca sunt satisfacut de ceea ce am gasit, fiind si aproape de mine.",438972,product - positive,22,product,product,Positive,manual,"Am cumparat destul de multe lucruri pentru diferite sporturi din acest magazin si pot spune ca sunt satisfacut de ceea ce am gasit, fiind si aproape de mine."
as dori sa vad o gama la larga de marci de produse,439059,shop diversity - negative,22,shop diversity,shop diversity,Negative,manual,as dori sa vad o gama la larga de marci de produse
"doamna de la raionul cu accesorii fitness a fost extrem de amabila si bine informata. A raspuns pozitiv solicitarilor. Deranjanta atmosfera creeata de copii nesupravegheati, era sa fiu lovita de un copil cu bicicleta. Cred ca ar trebui creeate locuri speciale pentru testarea bicicletelor si trotinetelor si neaparat sub supraveghere. Din punct de vedere legal pot fi consecinte grave. Oferta redusa la raionul cu produse de inot. Chiar daca sezonul de vara a trecut, inotatorii doresc o varietate mai mare, in Iasi fiind mai multe piscine acoperite, functionale intreg anul.",438773,"{'choices': ['environment - negative', 'shop diversity - negative', 'staff competency - positive']}",22,environment; shop diversity; staff competency,environment; shop diversity; staff competency,Negative; Negative; Positive,manual,"doamna de la raionul cu accesorii fitness a fost extrem de amabila si bine informata. A raspuns pozitiv solicitarilor. Deranjanta atmosfera creeata de copii nesupravegheati, era sa fiu lovita de un copil cu bicicleta. Cred ca ar trebui creeate locuri speciale pentru testarea bicicletelor si trotinetelor si neaparat sub supraveghere. Din punct de vedere legal pot fi consecinte grave. Oferta redusa la raionul cu produse de inot. Chiar daca sezonul de vara a trecut, inotatorii doresc o varietate mai mare, in Iasi fiind mai multe piscine acoperite, functionale intreg anul."
"overall, o experienta buna a fost o balba la o comanda, dar pana la urma s-a rezolvat.",438616,misc - neutral,22,misc,misc,Neutral,manual,"overall, o experienta buna a fost o balba la o comanda, dar pana la urma s-a rezolvat."
"Cam dezorganizat si nu este aranjat intr-un mod logic. Sa poti avea un circuit al precuparilor sportive ale fiecaruia. Nu gaseam raionul pt alergare, nu era marcat unde exista, a trebuit sa intreb. Nu am gasit ce cautam...sau, la unele raioane nu am gasit toate masurile.",439094,"{'choices': ['shop organization - negative', 'shop diversity - negative']}",22,shop organization; shop diversity,shop organization; shop diversity,Negative; Negative,manual,"Cam dezorganizat si nu este aranjat intr-un mod logic. Sa poti avea un circuit al precuparilor sportive ale fiecaruia. Nu gaseam raionul pt alergare, nu era marcat unde exista, a trebuit sa intreb. Nu am gasit ce cautam...sau, la unele raioane nu am gasit toate masurile."
Foarte multe etichete de pret lipsa. La case se aglomerase ca erau doar doua deschise.,438442,"{'choices': ['service - negative', 'shop organization - negative']}",22,service; shop organization,service; shop organization,Negative; Negative,manual,Foarte multe etichete de pret lipsa. La case se aglomerase ca erau doar doua deschise.
Raportul calitate-pret lasa de dorit. Ma asteptam sa fie mult mai rezistenta.,438306,"{'choices': ['price - negative', 'product - negative', 'quality - negative']}",22,price; product; quality,price; product; quality,Negative; Negative; Negative,manual,Raportul calitate-pret lasa de dorit. Ma asteptam sa fie mult mai rezistenta.
"Sa se facă un culoar special pentru testarea bicicletelor,rolelor,trotinetelor etc.",438794,environment - negative,22,environment,environment,Negative,manual,"Sa se facă un culoar special pentru testarea bicicletelor,rolelor,trotinetelor etc."
"Afișarea prețurilor la toate produsele, ca destul de multe produse nu au prețuri  și apoi Afișarea corecta a prețurilor produselor.",438471,shop organization - negative,22,shop organization,shop organization,Negative,manual,"Afișarea prețurilor la toate produsele, ca destul de multe produse nu au prețuri și apoi Afișarea corecta a prețurilor produselor."
"Fiecare stea din cele 4 acordate le-a castigat fara efort : sunt rezistenti la apa,confortabili,greutate excelenta in coparatie cu dimensiunea si forma protejaza glezna foarte bine; din pacate aderenta pe asfalt umed lasa de dorit si pierde a 5 a steluta.",439171,"{'choices': ['product - positive', 'product - negative']}",22,product; product,product,Positive; Negative,manual,"Fiecare stea din cele 4 acordate le-a castigat fara efort : sunt rezistenti la apa,confortabili,greutate excelenta in coparatie cu dimensiunea si forma protejaza glezna foarte bine; din pacate aderenta pe asfalt umed lasa de dorit si pierde a 5 a steluta."
Angajatii sunt superaglomerati si raspund greu la intrebari despre targul de articole sportive trocathlon.,438447,"{'choices': ['staff availability - negative', 'staff competency - negative']}",22,staff availability; staff competency,staff availability; staff competency,Negative; Negative,manual,Angajatii sunt superaglomerati si raspund greu la intrebari despre targul de articole sportive trocathlon.
Pentru sezonul de vara la munte isi face treaba si pentru excursi la mare de asemenea foarte bun. Nu este bun pt.temperaturi foarte scazute daca nu te imbraci corespunzator.,438882,"{'choices': ['product - positive', 'product - negative']}",22,product; product,product,Positive; Negative,manual,Pentru sezonul de vara la munte isi face treaba si pentru excursi la mare de asemenea foarte bun. Nu este bun pt.temperaturi foarte scazute daca nu te imbraci corespunzator.
"Foarte neprofesionist.  Dacă sunt mai mult de4-5 oameni la casa, deja incep angajații să se încurce. E vina managementului probabil. Un angajat are mai multe sarcini decât poate face.Am vrut sa personalizez un tricou si nu lucra nimeni în ziua respectivă . Așa că m-am dus în altă parte.",438451,"{'choices': ['staff availability - negative', 'staff competency - negative']}",22,staff availability; staff competency,staff availability; staff competency,Negative; Negative,manual,"Foarte neprofesionist. Dacă sunt mai mult de4-5 oameni la casa, deja incep angajații să se încurce. E vina managementului probabil. Un angajat are mai multe sarcini decât poate face.Am vrut sa personalizez un tricou si nu lucra nimeni în ziua respectivă . Așa că m-am dus în altă parte."
"In general sunt multumita, numai termenul de livrare ar putea fi mai mic",438796,delivery - negative,22,delivery,delivery,Negative,manual,"In general sunt multumita, numai termenul de livrare ar putea fi mai mic"
"produsul e bun, dar mi-ar fi de mare ajutor daca s-ar vinde si castile separat :)",439060,product - positive,22,product,product,Positive,manual,"produsul e bun, dar mi-ar fi de mare ajutor daca s-ar vinde si castile separat :)"
"Parca celelalte magazine sunt mai aprovizionate, ma refer la militari si berceni...Aici gasesti greu sau nu gasesti deloc ce cauti..",438875,shop diversity - negative,22,shop diversity,shop diversity,Negative,manual,"Parca celelalte magazine sunt mai aprovizionate, ma refer la militari si berceni...Aici gasesti greu sau nu gasesti deloc ce cauti.."
"Nu am gasit aparatori pentru roti de bicicleta 26'', suport smartphone (http://www.decathlon.ro/p/8385553_suport-smartphone-500-negru.html#)",438769,shop diversity - negative,22,shop diversity,shop diversity,Negative,manual,"Nu am gasit aparatori pentru roti de bicicleta 26'', suport smartphone ("
"Anul trecut in vara in 2014 am achizitionat un rockrider 5.1 este o bicicleta foarte slaba. Am dat pe ea 800 de lei, cu tot cu saua de silicon si cric ma ajuns la 940 de lei.  Jantele sunt sunt foarte slabe si schimbatoarele nu sunt ok deloc si multe altele. Nu as recomanda nimanui acest produs. Mie imi pare foarte rau ca am luat-o. As vinde-o cat mai repede si mi-as lua un dirtbike in cel mai bun caz. Va multumesc!",438351,"{'choices': ['price - negative', 'product - negative']}",22,price; product,price; product,Negative; Negative,manual,"Anul trecut in vara in 2014 am achizitionat un rockrider 5.1 este o bicicleta foarte slaba. Am dat pe ea 800 de lei, cu tot cu saua de silicon si cric ma ajuns la 940 de lei. Jantele sunt sunt foarte slabe si schimbatoarele nu sunt ok deloc si multe altele. Nu as recomanda nimanui acest produs. Mie imi pare foarte rau ca am luat-o. As vinde-o cat mai repede si mi-as lua un dirtbike in cel mai bun caz. Va multumesc!"
"Am verificat online stocul de role si imi arata ca aveati produsul, am sunat si era pe stoc. Iar cand am venit din magazin, tocmai din Arad pana in Timisoara...nu mai era pe stoc...",439110,shop organization - negative,22,shop organization,shop organization,Negative,manual,"Am verificat online stocul de role si imi arata ca aveati produsul, am sunat si era pe stoc. Iar cand am venit din magazin, tocmai din Arad pana in Timisoara...nu mai era pe stoc..."
Personal foarte amabil dar subdimensionat. Am asteptat o ora si jumatate sa se faca reglajele necesare unei biciclete. Era un singur angajat care nu facea fata numarului de clienti.,438512,"{'choices': ['staff availability - negative', 'staff competency - positive']}",22,staff availability; staff competency,staff availability; staff competency,Negative; Positive,manual,Personal foarte amabil dar subdimensionat. Am asteptat o ora si jumatate sa se faca reglajele necesare unei biciclete. Era un singur angajat care nu facea fata numarului de clienti.
Bună ziua.detin card la dvs și la casa când am vrut s-a plătesc am întrebat doar dacă mă ajuta cu ceva cardul și mi s-a răspuns sec nu ...apoi am aflat ca se aduna puncte...și în plus acolo se folosesc f des produsele și am luat un penibord sâmbătă de copii la 100 lei și luni dimineață când am sunat sa îl schimb cu unul la 150 la fel mi s-a dat un răspuns sec deși în magazin majoritatea sunt la dispoziția copiilor,438492,staff competency - negative,22,staff competency,staff competency,Negative,manual,Bună ziua.detin card la dvs și la casa când am vrut s-a plătesc am întrebat doar dacă mă ajuta cu ceva cardul și mi s-a răspuns sec nu ...apoi am aflat ca se aduna puncte...și în plus acolo se folosesc f des produsele și am luat un penibord sâmbătă de copii la 100 lei și luni dimineață când am sunat sa îl schimb cu unul la 150 la fel mi s-a dat un răspuns sec deși în magazin majoritatea sunt la dispoziția copiilor
"Raspunsul dat de personalul magazinului este ca nu se vand produsele de echitatie! Deoarece NU exista! La orice Decathlon din Europa exista un raion plin de produse pentru echitatie, iar in perioada de reduceri chiar se fac reduceri. In Romania, nu. Deci pentru produse de echitatie, NU veniti la Decathlon pentru ca pierdeti timpul de pomana!",439379,"{'choices': ['shop diversity - negative', 'promotions - negative']}",22,shop diversity; promotions,shop diversity; promotions,Negative; Negative,manual,"Raspunsul dat de personalul magazinului este ca nu se vand produsele de echitatie! Deoarece NU exista! La orice Decathlon din Europa exista un raion plin de produse pentru echitatie, iar in perioada de reduceri chiar se fac reduceri. In Romania, nu. Deci pentru produse de echitatie, NU veniti la Decathlon pentru ca pierdeti timpul de pomana!"
"Aranjarea magazinului mi se pare un haos total. Abia am gasit ceea ce cautam. Cautam un produs pe care l-am gasit pe pagina dvs, am întrebat un angajat si nu a știut să mă îndrume. În cabina de proba abia m-am putut misca, era plină de haine și coșuri cu haine. O mulțime de produse nu aveau etichetă de pret nicăieri.",438410,"{'choices': ['shop organization - negative', 'staff competency - negative']}",22,shop organization; staff competency,shop organization; staff competency,Negative; Negative,manual,"Aranjarea magazinului mi se pare un haos total. Abia am gasit ceea ce cautam. Cautam un produs pe care l-am gasit pe pagina dvs, am întrebat un angajat si nu a știut să mă îndrume. În cabina de proba abia m-am putut misca, era plină de haine și coșuri cu haine. O mulțime de produse nu aveau etichetă de pret nicăieri."
"Ca si idee mers mixt asfalt drum de tara (pietruit), rezistenta lor e in jur de 2000 km, pana se rup sau e roasa talpa incat nu se mai vad urme de striatii.",438899,product - neutral,22,product,product,Neutral,manual,"Ca si idee mers mixt asfalt drum de tara (pietruit), rezistenta lor e in jur de 2000 km, pana se rup sau e roasa talpa incat nu se mai vad urme de striatii."
Mi-ar placea sa aveti un nr mai mare de caractere la campurile de mai jos,439077,tech support - negative,22,tech support,tech support,Negative,manual,Mi-ar placea sa aveti un nr mai mare de caractere la campurile de mai jos
"Am fost dimineața la ora 10. Erau doar doi vânzători in tot magazinul. Restul stăteau și se uitau la monitoare de calculator lângă casele de marcat. Personal fara amabilitate și obraznic. La Atelier nu era nimeni desi am stat cam un sfert de oră. Aranja marfa la raft in timp ce ceilalți cum spuneam stăteau la monitoare. Marfa lipsa pe anumite raioane. Exemplu trotinete, tricouri. La casele de marcat trebuia să stai sa te cheme. Magazinul și Brașov de nota 10 cel din Sibiu de nota 4.",438463,"{'choices': ['service - negative', 'shop diversity - negative', 'staff availability - negative', 'staff competency - negative']}",22,service; shop diversity; staff availability; staff competency,service; shop diversity; staff availability; staff competency,Negative; Negative; Negative; Negative,manual,"Am fost dimineața la ora 10. Erau doar doi vânzători in tot magazinul. Restul stăteau și se uitau la monitoare de calculator lângă casele de marcat. Personal fara amabilitate și obraznic. La Atelier nu era nimeni desi am stat cam un sfert de oră. Aranja marfa la raft in timp ce ceilalți cum spuneam stăteau la monitoare. Marfa lipsa pe anumite raioane. Exemplu trotinete, tricouri. La casele de marcat trebuia să stai sa te cheme. Magazinul și Brașov de nota 10 cel din Sibiu de nota 4."
"Aprovizionarea cu produse de sezon, in 3 magazine: Pallady, Băneasa, Militari rafturile erau goale...dezolant :(",438319,shop diversity - negative,22,shop diversity,shop diversity,Negative,manual,"Aprovizionarea cu produse de sezon, in 3 magazine: Pallady, Băneasa, Militari rafturile erau goale...dezolant :("
"Pacat, sunt produse pe care le prezentati pe site dar nu le aveti in stoc de ani buni, iar unele produse au preturi mai mari decat concurenta.Caracteristicile tehnice pe care le prezentati la unele articole sunt de toata jena sau lipsesc cu desavarsire",438386,"{'choices': ['price - negative', 'shop organization - negative']}",22,price; shop organization,price; shop organization,Negative; Negative,manual,"Pacat, sunt produse pe care le prezentati pe site dar nu le aveti in stoc de ani buni, iar unele produse au preturi mai mari decat concurenta.Caracteristicile tehnice pe care le prezentati la unele articole sunt de toata jena sau lipsesc cu desavarsire"
Un produs bun calitate preț excelent! Recomand magazinul Dvs este unul bine organizat si serios.,438998,"{'choices': ['price - positive', 'product - positive', 'quality - positive', 'shop organization - positive']}",22,price; product; quality; shop organization,price; product; quality; shop organization,Positive; Positive; Positive; Positive,manual,Un produs bun calitate preț excelent! Recomand magazinul Dvs este unul bine organizat si serios.
"Bine aprovizionat, produse diverse cu mai multe sugestii pentru ceea ce iti doresti. Propun sa existe si un personal competent care sa-ti ofere eventuale informatii suplimentare.",439244,"{'choices': ['shop diversity - positive', 'staff competency - negative']}",22,shop diversity; staff competency,shop diversity; staff competency,Positive; Negative,manual,"Bine aprovizionat, produse diverse cu mai multe sugestii pentru ceea ce iti doresti. Propun sa existe si un personal competent care sa-ti ofere eventuale informatii suplimentare."
"Confort ireproșabil, foarte comode și rezistente în orice condiții, dar e singura pereche de încălțăminte în care miros picioarele atunci când o port, de o manieră ciudată, față de alte sandale din piele, mușama, sintetic etc. Și rămâne apoi mirosul în ele, chiar și după ce le spăl în mașină de spălat. Le recomand celor pentru care nu contează acest aspect, ci doar utilitatea și confortul.",439127,"{'choices': ['product - positive', 'product - negative', 'quality - positive']}",22,product; product; quality,product; quality,Positive; Negative; Positive,manual,"Confort ireproșabil, foarte comode și rezistente în orice condiții, dar e singura pereche de încălțăminte în care miros picioarele atunci când o port, de o manieră ciudată, față de alte sandale din piele, mușama, sintetic etc. Și rămâne apoi mirosul în ele, chiar și după ce le spăl în mașină de spălat. Le recomand celor pentru care nu contează acest aspect, ci doar utilitatea și confortul."
Nu se iau masuri pentru ca incercarea trotinetelor bicicletelor si placilor sa se faca DOAR  in spatiile destinate. De aceea magazinul are un aspect dezordonat si riscul de accidente este mare.,438761,environment - negative,22,environment,environment,Negative,manual,Nu se iau masuri pentru ca incercarea trotinetelor bicicletelor si placilor sa se faca DOAR in spatiile destinate. De aceea magazinul are un aspect dezordonat si riscul de accidente este mare.
"a fost ok, mi-am recuperat rapid cardul de credit uitat in magazin",438746,security - positive,22,security,security,Positive,manual,"a fost ok, mi-am recuperat rapid cardul de credit uitat in magazin"
"Au defect de fabricatie, retin apa, copilul având picioarele ude după câteva minute de stat în zapada...",438302,"{'choices': ['product - negative', 'quality - negative']}",22,product; quality,product; quality,Negative; Negative,manual,"Au defect de fabricatie, retin apa, copilul având picioarele ude după câteva minute de stat în zapada..."
"Sunt multumita atat de receptionarea, cat si de livrarea in termen al produselor.",439179,"{'choices': ['delivery - positive', 'service - positive']}",22,delivery; service,delivery; service,Positive; Positive,manual,"Sunt multumita atat de receptionarea, cat si de livrarea in termen al produselor."
"Nu este un rucsac pentru curse scurte, este pentru iesiri lungi de cateva zile/saptamani. Este un rival destul de dur pt produsele echivalente de la Deuter. Am comparat un rucsac de la ei, insa la pretul de 1200-1300 de ron (insa garantie pe viata Deuter) cu Symbium si lupta este destul de stransa.Se transpira totusi cu el in spate. Aveti grija la defectele de fabricatie, la Decathlon se intalnesc destule! Este un rucsac rezistent la utilizarea zilnica in conditii de munte. Este insa susceptibil in a se agata de crengi sau maracini. Este util la a cara obiecte grele, sau voluminoase pe distante scurte! Sistemul de amortizare a bretelelor si miscarea centurii de mijloc la unison cu miscarile corpului sunt imbunatatiri extraordinare si se simt la mers (am alergat cu rucsacul acesta carand o masa de 20 kg <trenurile nu se prind singure>). Daca aveti bani, va recomand totusi Deuter-ul pentru traditia lor. Acest rucsac este util, este concurential (are chestii in plus fata de deuter <dar si in minus>) si este ieftin! Da, chiar si la acest pret, rucsacul Symbium este ieftin pentru ceea ce ofera! In conditii de carat trebuie sa fii contorsionist (ca sa citam un review frantuzesc de pe site-ul decathlon.fr) ca sa poti avea acces si sa reusesti sa aduci capacul symbium pe piept. Este foarte greu fara ajutor, dar cu timpul va veti obisnui ... Transpiri nespus de mult atunci cand mergi si ai acel capac pe piept, capac dotat cu o folie transparenta pentru citit hartile (really?  folie? transpiri enorm cand esti in contact cu plasticele). Dar cel mai important aspect, este ca acest rucsac va poate duce in locuri ferite, intime, in care nu veti auzi manele, nu veti da de fumuri de gratare si va veti putea bucura (Daca in prealabil veti fi depus efortul fizic necesar, bineinteles.) de adevarata frumusete a naturii.",439315,"{'choices': ['product - positive', 'product - negative', 'quality - negative', 'price - positive']}",22,product; product; quality; price,product; quality; price,Positive; Negative; Negative; Positive,manual,"Nu este un rucsac pentru curse scurte, este pentru iesiri lungi de cateva zile/saptamani. Este un rival destul de dur pt produsele echivalente de la Deuter. Am comparat un rucsac de la ei, insa la pretul de 1200-1300 de ron (insa garantie pe viata Deuter) cu Symbium si lupta este destul de stransa.Se transpira totusi cu el in spate. Aveti grija la defectele de fabricatie, la Decathlon se intalnesc destule! Este un rucsac rezistent la utilizarea zilnica in conditii de munte. Este insa susceptibil in a se agata de crengi sau maracini. Este util la a cara obiecte grele, sau voluminoase pe distante scurte! Sistemul de amortizare a bretelelor si miscarea centurii de mijloc la unison cu miscarile corpului sunt imbunatatiri extraordinare si se simt la mers (am alergat cu rucsacul acesta carand o masa de 20 kg ). Daca aveti bani, va recomand totusi Deuter-ul pentru traditia lor. Acest rucsac este util, este concurential (are chestii in plus fata de deuter ) si este ieftin! Da, chiar si la acest pret, rucsacul Symbium este ieftin pentru ceea ce ofera! In conditii de carat trebuie sa fii contorsionist (ca sa citam un review frantuzesc de pe site-ul decathlon.fr) ca sa poti avea acces si sa reusesti sa aduci capacul symbium pe piept. Este foarte greu fara ajutor, dar cu timpul va veti obisnui ... Transpiri nespus de mult atunci cand mergi si ai acel capac pe piept, capac dotat cu o folie transparenta pentru citit hartile (really? folie? transpiri enorm cand esti in contact cu plasticele). Dar cel mai important aspect, este ca acest rucsac va poate duce in locuri ferite, intime, in care nu veti auzi manele, nu veti da de fumuri de gratare si va veti putea bucura (Daca in prealabil veti fi depus efortul fizic necesar, bineinteles.) de adevarata frumusete a naturii."
"M-am simtit ca in paradis, eu sunt si o persoana mai activa, sportiva, imi venea sa cumpar de toate noroc ca eram cu nevasta-mea si m-a oprit la timp.",439070,misc - neutral,22,misc,misc,Neutral,manual,"M-am simtit ca in paradis, eu sunt si o persoana mai activa, sportiva, imi venea sa cumpar de toate noroc ca eram cu nevasta-mea si m-a oprit la timp."
"Elasticul de la brau este foarte prost proiectat, s-a rupt / desprins in momentul in care am imbracat pantalonii. Ii voi aduce pentru retur.",439121,"{'choices': ['product - negative', 'quality - negative']}",22,product; quality,product; quality,Negative; Negative,manual,"Elasticul de la brau este foarte prost proiectat, s-a rupt / desprins in momentul in care am imbracat pantalonii. Ii voi aduce pentru retur."
